';,'
     2;'Type data: Produksjonsrekke';;'Kilde: Vansimtap'; 
     3;'Antall tellere';'Parallell=0 Serie=1';'Antall uker i dataperioden';
     3;     3;     1;    52;
52;1,00000000 ;52,0000000 ;
35;1981,00000 ;1982,00000 ;1983,00000 ;1984,00000 ;1985,00000 ;1986,00000 ;1987,00000 ;1988,00000 ;1989,00000 ;1990,00000 ;1991,00000 ;1992,00000 ;1993,00000 ;1994,00000 ;1995,00000 ;1996,00000 ;1997,00000 ;1998,00000 ;1999,00000 ;2000,00000 ;2001,00000 ;2002,00000 ;2003,00000 ;2004,00000 ;2005,00000 ;2006,00000 ;2007,00000 ;2008,00000 ;2009,00000 ;2010,00000 ;2011,00000 ;2012,00000 ;2013,00000 ;2014,00000 ;2015,00000 ;
1;168,000000 ;
;;1;2;3;4;5;6;7;8;9;10;11;12;13;14;15;16;17;18;19;20;21;22;23;24;25;26;27;28;29;30;31;32;33;34;35;36;37;38;39;40;41;42;43;44;45;46;47;48;49;50;51;52;
1981;1;100,800056;100,800056;100,800056;100,800056;100,800056;100,800056;100,800056;100,800056;100,800056;100,800056;100,800056;100,800056;100,800056;100,800056;99,0000534;100,800056;100,800056;100,800049;93,6000443;97,2000504;93,6000443;95,4000473;72,0000153;81,0000229;99,0000534;82,7934952;98,9959717;93,6000443;97,1945267;93,6000443;93,6000443;100,800056;88,1952896;97,1922302;98,9918518;100,792076;100,791733;100,791733;95,3923721;88,1929398;90,0000381;100,799866;100,799736;95,4000397;95,4000397;97,1998138;95,4000397;100,800049;99,0000458;100,800049;100,799866;100,800049
1982;1;100,799866;100,800049;100,800049;79,2000122;100,800049;86,6923218;97,2000427;100,800049;88,7084274;79,2000122;66,5312958;62,9999886;100,800003;97,2000427;97,2000427;97,2000427;73,5876465;71,8374405;43,0470886;42,3830986;87,2882462;70,1943512;82,7933502;91,7925949;98,9920883;88,1927185;80,9936066;86,3931046;82,8000183;95,4000397;100,800049;90,0000305;90,0000305;91,7975235;89,9936752;89,9929199;80,9966965;71,9941940;44,9966431;72,0000076;78,4039383;84,6000290;81,0000153;61,2030640;75,6000137;90,0000305;79,2000122;100,800049;77,4000092;87,1827774;84,6000214;23,3999977
1983;1;68,3999939;64,7999878;86,4000244;66,5999908;1,80000019;75,6000061;36,1092606;84,6000290;36,0000038;32,4000053;30,6000080;53,4266357;97,2000427;97,2000427;100,799805;79,2000122;71,9999924;92,8659134;84,5988159;86,3972244;57,5999870;91,7931595;80,9970245;84,5952301;93,5925522;91,7953949;93,6000366;81,0000076;62,9999809;80,9959564;43,2000008;90,0000305;79,1969986;93,5975113;86,4000244;59,3999901;75,5968018;44,9988403;10,7993250;55,5455666;41,4000015;,0;,0;24,1055298;95,4000320;99,0000381;97,2000351;100,800041;95,4000397;100,800049;100,800049;90,0000305
1984;1;90,0000229;93,6000366;100,800049;100,800049;100,800049;97,2000427;100,800049;100,800049;100,800049;100,800049;100,800049;100,800049;100,800049;100,800049;97,2000427;93,6000366;99,0000458;88,2000275;95,4000397;91,8000336;59,3999901;66,5999908;75,6000061;93,6000366;77,4000092;88,2000275;95,4000397;99,0000458;84,6000214;90,0000305;97,2000427;100,800049;100,799858;100,800049;91,7923508;97,1919937;98,9917679;100,792068;97,1919937;86,3932037;88,2000275;59,3999901;81,0000229;79,2000198;100,799866;97,2000427;95,4000397;97,1998138;95,4000397;97,2000427;95,4000397;93,6000443
1985;1;95,4000473;73,8000031;100,800049;90,0000381;73,5876541;68,5473938;81,0000153;88,7084198;57,5999908;75,6000061;79,6359634;93,7486801;100,799843;100,799995;100,799866;100,800049;51,0623055;35,4549789;76,4536743;61,3706245;39,4896812;80,9934998;88,1928406;88,1929321;100,791939;93,5931702;91,7983246;90,0000305;79,2000122;93,5997620;64,7982101;68,4000015;98,9983826;77,3979645;70,1992340;61,1975861;66,5944519;34,1971588;77,3937836;10,8000002;55,7999954;93,6000366;100,799866;97,2000427;79,2000198;98,9998627;100,799866;100,800049;100,799866;100,799629;99,0000458;100,799736
1986;1;100,799774;100,800049;100,800049;99,0000458;100,800049;100,800049;100,800049;100,800049;99,0000458;99,0000458;100,800049;21,5999985;99,0000458;24,1931953;99,0000458;100,799889;10,1740294;64,7999954;72,0000000;79,2000122;70,2000046;93,6000366;59,3999939;95,4000397;99,0000458;97,2000427;97,2000504;95,4000473;100,800049;90,0000305;95,4000397;100,792168;100,792068;100,791939;84,5932159;100,792068;100,792160;48,5961876;73,7939301;43,1968727;86,3950500;79,2000122;84,6000214;77,4000092;68,3999939;86,4000244;28,8000107;68,4000015;55,7999954;79,2000122;45,0000038;17,9999981
1987;1;46,7999954;48,5999947;62,9999847;52,1999931;68,4000015;44,9999924;77,6198502;84,6000214;64,7999878;93,6000366;93,6000366;75,6037598;,0;,0;91,8000336;99,0000458;67,7681198;37,7582283;14,1086044;54,6339684;67,3333130;98,9920959;79,1935883;73,7941589;86,3930740;93,5925293;95,3923950;80,9936295;75,5984955;66,5955582;68,3957443;82,7948074;89,9930115;62,9947853;55,7957153;75,5940475;14,3984499;7,19935131;12,5991001;26,9977245;5,40000057;3,60000038;53,9999886;9,00000095;45,0000000;81,0000153;27,0000095;46,7999954;66,5999908;93,4291077;72,0000000;64,7999878
1988;1;68,7306747;53,9999924;75,6000061;86,4000244;5,40000057;91,8000336;99,0000458;56,7028008;38,6061745;30,6000080;62,9999886;45,0000000;100,799805;77,4000092;99,0000458;84,6000214;,0;66,9348602;54,9664612;56,2961197;76,0048065;70,1943665;91,7925797;95,3924789;91,7935333;95,4000473;91,8000412;82,8000259;93,6000443;73,8000107;73,8000107;93,6000443;86,4000244;80,9965210;86,3935547;89,9971466;75,6000137;64,7999954;16,2000008;75,6000061;82,8000183;100,800049;97,2000427;100,799858;100,799736;100,799622;100,799858;100,799858;100,799858;100,799736;98,9998550;100,800049
1989;1;100,800049;99,0000458;95,4000397;97,2000427;86,4000244;86,4000320;97,2000427;97,2000427;100,800049;95,4000397;97,2000504;97,2000427;100,800049;100,800049;77,4000092;88,2000275;97,2000427;82,8000183;86,4000244;82,8000183;72,0000000;95,4000397;97,2000427;95,4000397;90,0000305;59,3999901;93,6000366;79,2000122;81,0000153;91,8000336;37,8000031;88,2000198;52,1999969;3,60000038;84,6000214;95,4000320;98,9997177;97,2000351;93,6000290;93,6000290;100,800041;90,0000229;91,8000259;100,800041;93,6000290;100,800041;100,800041;100,800041;100,800041;100,800041;100,800041;99,0000381
1990;1;100,800041;100,800041;100,800041;100,800041;95,4000320;91,8000259;97,2000351;77,4000092;95,4000320;90,0000229;75,5999985;7,20000076;90,0000305;73,8000031;59,3999901;72,0000000;59,3999863;,0;,0;30,6000099;81,0000229;88,2000351;90,0000381;95,4000473;72,0000076;70,2000046;,0;,0;,0;72,0000000;90,0000305;95,4000397;,0;82,8000259;97,2000427;91,7938232;97,2000427;46,7999992;100,800049;63,6662598;70,1999969;81,0000076;93,6000366;97,2000427;100,800041;100,800041;100,800041;100,800041;100,800041;100,800041;100,800041;91,8000336
1991;1;100,800049;100,800049;100,800049;100,800049;100,800049;100,800049;100,800049;99,0000458;100,800049;100,800049;100,800049;100,800049;100,800049;95,4000397;90,0000305;95,4000397;100,800049;100,799736;100,799858;91,8000336;97,1985016;100,792030;100,791946;95,3924866;95,3955841;86,3972626;97,2000427;90,0000305;91,8000336;98,9978180;100,798485;97,1954880;98,9960785;100,796196;100,799622;100,799858;97,2000427;88,2000275;99,0000458;99,0000381;100,800041;97,2000427;100,800049;100,799858;98,9998550;100,800049;100,800049;100,800049;100,800049;100,800049;97,2000427;100,800049
1992;1;99,0000458;100,800049;100,800049;100,800049;100,800049;100,800049;100,800049;100,800049;100,800049;100,800049;100,800049;100,800049;100,800049;100,800049;100,800049;100,800049;100,800049;84,6000214;91,8000259;73,8000031;77,4000015;66,5999908;81,0000076;81,0000076;93,6000290;100,800041;100,796333;84,5976257;84,6000137;77,4000092;75,6000061;79,2000122;73,9190598;80,9934921;62,9947472;66,5946198;86,3928528;89,9925690;88,1927032;86,4000244;89,3930817;97,1998138;93,6000366;93,6000366;81,0000153;100,800049;97,2000427;84,6000214;95,4000397;90,0000305;95,4000397;100,799858
1993;1;93,6000366;82,9408875;84,6000214;99,0000458;99,0000458;99,0000458;100,800049;99,0000458;100,800049;100,800049;99,0000458;97,2000427;100,800049;100,800049;100,800049;99,0000458;84,6000214;81,0000153;84,6000214;7,20000076;9,00000191;84,5931549;93,5925369;89,9927979;95,3923721;89,9928207;52,1959686;37,8000069;82,8000183;29,2659874;3,60000038;1,80000019;28,8000107;88,2000275;88,2000275;93,5931244;88,1926117;100,792068;86,3930664;75,5940628;59,3951874;62,9991455;64,7999954;100,799736;90,0000305;100,799858;97,2000427;68,3999939;99,0000458;100,800049;95,4000397;93,6000366
1994;1;94,9894257;88,2000275;93,6000366;64,8031998;23,3750725;46,3702850;62,9999886;84,6000214;59,3999901;64,7999878;84,6000214;39,6000061;95,7647858;100,799858;97,2000427;96,7728348;86,4000244;68,4000015;80,7756882;41,0595131;41,3629227;69,9848251;57,5953522;79,1935501;50,3960114;61,1951561;91,7926788;71,9942169;58,1519432;88,2000275;88,2000275;84,5976257;55,7958183;86,3932037;44,9964714;86,3928146;57,5953293;66,5946960;30,6773872;48,5964622;68,3999939;82,8000183;52,1999969;45,0000000;36,0000000;86,4000244;53,9999962;97,2000427;90,0000305;97,2000427;66,5999985;32,4000053
1995;1;37,8000069;73,8000031;79,2000122;60,4829941;12,6000004;90,0000305;88,2000275;93,6000366;58,5758743;39,6000023;95,4000397;88,2000275;97,2000427;90,0000305;68,5473862;59,3999901;77,4000092;54,5019569;33,4152832;23,4009075;68,4458389;77,3938980;17,9999981;82,8000183;32,4000092;21,5999985;75,6000061;80,9985504;62,9999886;59,3999939;90,0000305;95,4000397;95,4000320;82,8000183;93,6000366;86,4000244;100,792473;100,791733;86,3928528;81,0000153;95,4000397;44,9999962;25,1999969;93,6000443;100,800056;100,800056;97,2000504;100,800056;100,800056;100,800056;100,800056;100,800056
1996;1;100,800056;100,800056;100,800056;100,800056;100,800056;100,800056;100,800056;100,800056;100,800056;100,800056;100,800056;100,800056;100,800056;100,800056;100,800056;100,800056;99,0000534;100,799866;100,799866;100,799744;100,799332;97,1938705;97,2000504;90,0000381;95,3976517;100,794502;100,798332;80,9965363;89,9962997;98,9976578;100,796013;95,3998718;97,2000504;97,1997986;99,0000534;100,799629;100,796013;100,791946;95,3924942;90,0000381;98,9998627;100,800056;100,800056;88,2000351;97,2000504;100,799866;100,799866;100,799866;100,799736;100,800056;100,800049;100,800056
1997;1;100,800049;100,800056;99,0000534;100,800056;100,800056;100,800056;100,800056;99,0000534;82,8000259;77,6198578;61,1999893;71,5715408;90,0000305;99,0000458;88,2000275;92,7406311;75,6037521;50,2772484;62,8755417;55,3588448;42,1096191;57,9186783;82,7933578;71,9986267;73,8000031;75,6000061;86,4000244;91,8000336;91,8000336;90,0000305;95,4000397;93,6000366;100,799629;97,1997223;90,0000381;77,4000092;52,1999969;88,2000275;100,799858;84,6000214;90,0000381;97,2000427;100,800049;100,799736;100,800049;100,799736;100,799736;100,799866;100,799866;100,799866;100,800049;100,800049
1998;1;100,800049;100,800049;100,800049;100,800049;100,800049;100,800049;100,800049;97,2000427;99,0000458;100,800049;99,0000458;100,800049;100,800049;100,800049;100,800049;100,800049;99,0000458;86,4000244;90,0000305;84,6000214;100,799927;95,3988266;79,1935272;79,1936340;90,0000305;84,6000214;75,5985413;66,5999908;77,4000092;93,6000366;66,5999908;88,1975174;71,9997940;39,5969009;71,9941940;86,3928528;34,1971550;79,1985092;91,7930145;93,6000366;86,4000320;81,0000153;23,3999977;68,8424759;91,8000336;91,8000336;86,9009399;99,0000458;100,800049;99,0000458;86,4000244;84,6000214
1999;1;84,6000214;46,7999992;97,2000427;99,0000534;34,2000084;77,4000168;99,0000458;100,800049;91,8000336;65,5232315;81,6520615;84,6000214;100,799858;93,6000366;68,4000015;75,6037521;82,8000259;75,6000061;46,3010330;75,5298691;59,3951721;77,3937912;75,5938263;73,7981949;73,7971344;72,0000000;89,9971390;79,2000122;75,6000061;77,4000092;97,2000427;91,8000336;80,9933777;93,5925980;89,9971390;91,8000336;97,1998062;86,3928528;71,9943390;79,1995621;61,1999893;97,2000427;64,7999878;59,3999939;90,0000381;100,800049;100,799866;79,2000198;95,4000397;100,800056;95,4000397;93,6000443
2000;1;93,6000366;97,2000504;95,4000397;91,7326279;97,2000427;90,0000305;100,800049;88,7084274;97,2000504;95,4000473;97,2000427;100,800049;100,800049;100,800049;100,800049;88,2000351;84,6000214;70,2000046;55,7999916;,0;36,0000076;32,4000092;81,0000153;36,0000038;72,0000000;36,0000000;75,6000061;21,5999985;3,60000038;64,7999878;97,1939545;9,00000191;,0;,0;68,3946228;48,5999908;88,1960144;88,1934204;95,3921432;100,799736;72,0000076;86,4000320;68,4000015;52,1999893;100,800056;90,0000381;91,8000412;95,4000473;75,6000061;66,5999908;100,800049;99,0000458
2001;1;100,800049;100,800049;100,800049;97,2000427;100,800049;100,800049;97,2000427;100,800049;100,800049;100,800049;100,800049;100,800049;100,800049;99,0000458;100,800049;100,800049;100,800049;95,4000397;97,2000427;71,9997101;91,7926483;86,3929520;89,9928970;97,1922302;84,5932159;88,1931534;88,1930389;64,7999878;75,5972290;89,9998856;62,9999847;79,1999054;81,0000153;93,6000366;73,8000031;70,1985855;70,1958313;64,7947540;97,1923447;50,3999977;37,8000031;90,0000305;81,0000076;44,9999962;75,6000061;100,800049;91,8000336;95,4000397;97,2000427;100,800049;99,0000458;99,0000458
2002;1;100,800049;100,800049;100,800049;100,800049;95,4000397;97,2000427;100,800049;97,2000427;100,800049;99,0000458;100,800049;100,800049;100,800049;100,800049;93,6000366;90,0000305;61,1999893;66,5999908;34,2000084;,0;25,1999969;77,8947830;66,5999908;86,4000244;84,6000214;73,7999954;86,4000244;90,0000305;88,2000275;86,4000244;100,799858;97,2000427;100,800049;100,799736;91,8000336;97,2000427;97,2000427;100,800049;100,800049;100,800049;100,799736;100,799622;97,2000427;100,800049;100,799858;100,799736;100,799858;100,800049;100,800049;100,799858;100,800049;100,799858
2003;1;100,800049;100,800049;100,800049;100,800049;100,800049;100,800049;100,800049;100,800049;100,800049;100,800049;100,799843;100,799858;97,2000427;100,799843;100,799957;100,800049;99,0000458;86,6910934;97,1921082;100,791946;88,1927948;89,9963989;84,5996628;97,1922150;73,7957458;95,3973389;93,5951309;91,7974091;97,2000427;93,6000366;95,4000397;100,795471;84,5950851;88,1944733;93,5925064;97,1923141;90,0000305;77,4000092;79,1936340;81,0000076;84,6000214;100,799858;93,6000366;69,7881088;91,8000336;57,5999870;61,1999893;99,0000458;97,2000427;97,2000427;95,4000397;48,6000023
2004;1;100,800049;100,800049;100,800049;100,799835;73,8000031;3,60000038;55,7999916;72,0000076;34,2000046;72,0000076;,0;5,40000057;91,7325821;77,6198654;100,799843;72,0000076;78,6279144;86,4000320;86,4000320;75,6000137;93,6000366;98,9919891;97,1920853;80,9961700;93,5925140;86,3986511;97,2000427;95,3952789;100,794914;93,5983200;97,1997147;97,1997452;91,7927399;86,3932037;89,9943466;93,6000366;61,1999893;30,5972672;50,3958931;52,1999969;81,0000153;84,6000214;52,1999931;45,0000038;82,8000183;79,2000122;64,7999954;100,800049;93,6000443;90,0000381;81,0000153;82,8000183
2005;1;62,9999924;50,3999977;55,7999954;91,8000336;86,4000244;77,7038574;95,4000397;64,7999878;41,4000053;60,4829903;66,5999908;86,4000244;97,2000427;86,4000244;84,6762314;76,6118088;88,2000275;84,6762161;99,0000458;100,799759;82,8000183;93,5926132;75,6000061;86,4000244;82,8000183;91,8000336;97,2000427;91,8000336;75,6000061;98,9997177;90,0000305;77,4000092;95,3997726;84,6000214;86,4000244;90,0000305;77,4000092;91,8000412;77,4000092;90,0000305;95,4000397;100,800049;90,0000305;82,8000183;77,4000092;93,6000443;97,2000427;100,800049;100,800049;97,2000427;100,800049;100,800049
2006;1;100,800049;100,800049;100,800049;100,800049;100,800049;100,800049;100,800049;100,800049;100,800049;100,800049;100,800049;100,800049;100,800049;100,800049;100,800049;100,800049;100,800049;93,6000366;88,2000351;90,0000305;77,4000168;90,0000305;95,4000397;100,800049;88,2000275;97,2000427;100,799866;93,6000366;100,799866;100,800049;100,800049;100,799629;100,799629;100,799866;100,799736;75,6000061;100,799866;95,4000397;100,800049;97,2000427;97,2000504;100,800049;97,2000427;100,799622;97,2000427;100,800049;91,8000336;81,0000153;79,2000198;82,8000259;100,800049;95,4000397
2007;1;88,2000275;86,4000244;95,4000397;100,800049;93,6000366;100,800049;100,800049;100,800049;100,800049;99,0000458;82,8000183;97,2000427;95,4000397;93,6000366;93,6000366;79,2000122;86,4000244;88,2000275;95,4000473;61,1999931;95,4000397;81,0000153;99,0000458;95,4000397;100,800049;73,8000107;62,9999809;86,4000244;79,2000198;55,7999916;70,2000046;95,4000397;17,9999981;84,6000214;86,4000244;82,7933502;75,6000061;61,1999931;3,60000038;99,0000458;97,2000427;93,6000366;90,0000305;95,4000397;91,8000336;100,800049;100,800049;100,800049;100,800049;100,800049;100,800049;93,6000366
2008;1;100,800049;100,800049;100,800049;97,2000427;99,0000458;99,0000458;100,800049;88,2000275;100,800049;99,0000458;99,0000458;99,0000458;99,0000458;100,800049;100,800049;100,800049;93,6000366;82,8000183;12,6000004;84,6000214;82,8000183;77,4000092;59,3999901;88,2000351;68,4000015;91,7936478;86,3969345;88,1941376;75,5971298;95,3973007;82,7941742;86,3930740;68,3946304;89,9927979;82,7934875;70,1943359;95,3923721;93,5922012;98,9917679;86,3930740;81,0000153;70,1999969;61,1999931;100,799736;88,2000275;91,8000336;100,800049;100,799370;100,800049;100,799736;93,6000366;100,800049
2009;1;100,800049;99,0000458;99,0000458;100,800049;100,800049;100,800049;100,800049;100,800049;100,800049;100,800049;99,0000458;100,800049;100,800049;99,0000458;100,800049;93,6000366;88,2000275;70,1999969;81,0000153;93,0508041;77,4000092;61,1999931;93,5977859;98,9922104;93,5922775;95,3955841;90,3729248;77,3978806;79,1947479;77,4000168;68,4000015;89,9974976;46,7966003;50,3959656;34,2000084;37,7999992;77,4000092;82,8000183;23,3999977;75,6000137;100,799866;100,799866;100,799629;97,2000504;100,799629;95,4000473;77,4000092;97,2000427;100,799858;100,799858;100,800049;100,800049
2010;1;100,800049;100,800049;100,800049;95,4000397;100,800049;99,0000458;95,4000397;100,800049;100,800049;95,4000397;96,7728348;100,800049;97,2000427;100,799767;100,800049;88,2000275;84,6000214;60,9904785;23,2737732;69,7880783;75,6000137;80,9934998;95,3923645;74,6644516;82,7933578;95,3923492;91,7967148;88,2000198;72,0000000;88,1953201;81,0000153;97,1967468;84,5965652;70,1944733;86,3932953;89,9926987;61,1951904;30,5972710;41,3970909;17,9985905;57,5999947;72,0000076;50,4025154;57,5999908;37,8000069;58,5319672;50,4000015;100,800049;45,0000000;99,0000381;61,1999855;45,0000000
2011;1;93,6000290;100,800041;99,0000381;100,800041;99,0000381;75,5999985;100,799950;100,800041;21,5999985;99,0000458;99,0000458;5,40000057;3,60000038;77,4000092;75,6000061;82,8000183;77,4000092;90,0000305;79,2000122;81,0000076;57,5988922;73,7988968;70,1999969;90,0000305;77,4000092;86,4000244;90,0000305;81,0000076;73,8000031;72,0000000;95,4000397;77,4000092;93,5985718;97,1940155;84,5933456;52,1999893;34,2000046;28,7975750;16,1989021;14,4000015;61,1999931;59,3999863;93,6000366;90,0000305;100,800049;100,800049;93,6000366;73,8000031;86,4000244;95,4000397;99,0000458;28,8000088
2012;1;93,6000366;93,6000366;100,800049;97,2000427;100,800049;100,800049;93,6000366;82,8000183;100,800049;81,0000076;86,4000244;52,1999969;21,5999985;86,4000320;77,4000092;90,0000305;64,7999878;90,0000305;82,8000183;70,2000046;43,1999969;75,6000061;84,6000214;80,9977264;66,5976639;19,7999973;14,4000006;,0;,0;66,5999985;99,0000381;84,5935516;89,9936447;84,5932083;91,8000259;52,1999969;9,00000191;72,0000000;53,9999924;64,7999878;97,2000351;100,800041;100,800041;95,4000320;97,2000351;100,800041;99,0000381;100,800041;100,800041;99,0000381;100,800041;97,2000351
2013;1;97,2000351;100,800041;100,800041;100,800041;100,800041;100,800041;100,800041;100,800041;100,800041;100,800041;100,800041;100,800041;100,800041;100,800041;100,800041;75,6000061;81,0000076;95,3923645;84,5932007;3,59971809;28,8000069;52,1999893;93,6000366;80,9936295;77,3974152;86,3969345;93,6000366;89,9990387;89,9940872;89,9943390;90,0000305;89,9949493;80,9948502;97,1991959;89,9990311;100,792915;88,1948013;97,1960068;100,792068;93,6000366;100,799736;100,799736;59,4029007;81,0000153;100,799629;100,800049;100,799736;100,799866;99,0000458;93,6000366;95,4000397;79,2000122
2014;1;84,6000290;100,800056;100,800056;99,0000534;99,0000534;100,800056;100,800056;95,4000473;100,800056;91,8000412;86,4000320;75,6000137;100,800049;93,6000366;62,9999886;82,8000259;97,2000427;97,2000427;100,799843;91,8000336;16,2000008;59,3999672;88,2000275;53,9999924;77,3939133;97,1924438;91,7986298;81,0000153;90,0000305;97,2000427;100,800049;73,8000031;73,7949142;95,3923645;95,3923645;95,4000397;95,3923645;87,9291687;82,7933502;81,0000153;81,0000076;66,5999908;1,80000019;43,2000008;86,4000244;90,0000381;93,6000366;97,2000427;84,6762695;73,5036926;68,4000015;81,0000153
2015;1;73,8000107;64,7999954;91,8000412;84,6000214;100,800049;95,4000397;93,6000366;82,8000183;97,2000427;77,4000092;93,6000366;97,2000427;90,0000305;90,0000305;66,5999908;82,8000183;95,4000397;78,2107849;73,7973709;70,1943359;80,9934998;41,3966141;26,9978218;62,9949036;77,3938065;52,1958771;,0;3,59980297;,0;,0;,0;,0;,0;,0;,0;34,1981735;10,7991543;16,1985626;10,8000002;79,2000046;99,0000381;97,2000351;99,0000381;100,800041;88,2000275;99,0000458;100,800049;95,4000397;68,3999939;95,4000397;30,6000118;39,6000023
