         260           3
      1    1     -0.1492     -0.0922     -0.1122
      1    2      0.0746     -0.0573     -0.0091
      1    3     -0.0360     -0.0001      0.1054
      2    1     -0.3595     -0.3638     -0.4552
      2    2     -0.1492     -0.0922     -0.1122
      2    3     -0.2157     -0.3036     -0.2705
      3    1     -0.3521     -0.3327     -0.3699
      3    2     -0.2815     -0.3186     -0.3062
      3    3     -0.0443     -0.1666     -0.1669
      4    1     -0.0533     -0.0931     -0.0607
      4    2     -0.3357     -0.3250     -0.3362
      4    3     -0.5928     -0.6395     -0.5908
      5    1      0.3521      0.3623      0.2541
      5    2     -0.1032     -0.1902     -0.1809
      5    3     -0.3026     -0.1872     -0.2466
      6    1      0.4153      0.4169      0.3378
      6    2     -0.4265     -0.3866     -0.3507
      6    3     -0.3496     -0.2984     -0.3040
      7    1      0.4913      0.7013      0.7013
      7    2     -0.4378     -0.3965     -0.4098
      7    3     -0.1246      0.0084     -0.0356
      8    1     -0.0940     -0.0532     -0.0709
      8    2      0.0627      0.0211      0.0322
      8    3     -0.2376     -0.2085     -0.2096
      9    1     -0.1969     -0.3288     -0.2624
      9    2      0.0498      0.0899      0.0185
      9    3     -0.0882     -0.1014     -0.0745
     10    1     -0.2961     -0.3992     -0.3609
     10    2     -0.5562     -0.4538     -0.4893
     10    3      0.2982      0.1050      0.1683
     11    1     -0.3595     -0.4263     -0.3906
     11    2     -0.4083     -0.3000     -0.4178
     11    3      0.1217      0.0110     -0.0548
     12    1      0.6357      0.5367      0.5269
     12    2     -0.2368     -0.2442     -0.1979
     12    3      0.6987      0.7818      0.8036
     13    1     -0.3154     -0.4634     -0.4730
     13    2     -0.4327     -0.5322     -0.5018
     13    3     -0.2211     -0.2133     -0.3237
     14    1      0.8478      0.8411      0.9197
     14    2      0.6119      0.5712      0.5981
     14    3      0.8606      0.7474      0.8498
     15    1      0.1830      0.1181      0.1484
     15    2      0.4996      0.5701      0.6668
     15    3     -0.6321     -0.6338     -0.6329
     16    1     -0.3389     -0.3629     -0.2676
     16    2     -0.6937     -0.7008     -0.6318
     16    3     -0.2134     -0.1340     -0.0558
     17    1      2.0204      1.8955      1.9283
     17    2     -1.4185     -1.3935     -1.3571
     17    3     -1.0814     -1.1136     -1.0223
     18    1     -0.1097     -0.0844     -0.0158
     18    2      0.7320      0.7502      0.8861
     18    3     -0.1306      0.0334      0.1545
     19    1     -0.6383     -0.3969      0.1425
     19    2     -0.0049     -0.0854      0.1425
     19    3     -0.6383     -0.3969      0.1425
     20    1     -0.5072     -0.4843     -0.2568
     20    2      1.4845      1.5361      1.6687
     20    3     -0.2927     -0.2791     -0.2328
     21    1      0.0825      0.1408      0.1736
     21    2      0.3184      0.3769      0.4363
     21    3     -0.6323     -0.6209     -0.5999
     22    1     -0.1226     -0.1197     -0.1349
     22    2      0.1163      0.1384      0.1937
     22    3     -0.1637     -0.1366     -0.1389
     23    1     -0.0679     -0.0763     -0.0937
     23    2     -0.4718     -0.3766     -0.3078
     23    3      0.5008      0.5040      0.5750
     24    1     -0.4785     -0.4619     -0.4740
     24    2     -0.6159     -0.5973     -0.6107
     24    3      0.7861      0.8418      0.8482
     25    1     -0.8007     -0.7418     -0.7490
     25    2     -0.8007     -0.7418     -0.7490
     25    3     -0.4025     -0.3521     -0.3606
     26    1     -0.1794     -0.1769     -0.1854
     26    2     -0.2874     -0.2559     -0.2777
     26    3     -0.0212     -0.0284     -0.0306
     27    1     -0.2419     -0.2369     -0.2447
     27    2      0.1445      0.1972      0.1876
     27    3     -0.2304     -0.2185     -0.2311
     28    1     -0.3718     -0.3338     -0.3541
     28    2     -0.5774     -0.5433     -0.5558
     28    3      1.7787      1.9162      1.8584
     29    1      0.1194      0.0611      0.0900
     29    2     -0.4864     -0.4698     -0.4791
     29    3      0.4591      0.3904      0.3334
     30    1      0.8436      0.9436      0.9260
     30    2     -0.3439     -0.2956     -0.2932
     30    3     -0.1002     -0.2240     -0.1732
     31    1     -0.7051     -0.6612     -0.6889
     31    2     -0.5302     -0.4984     -0.5274
     31    3     -0.6097     -0.5712     -0.6005
     32    1      0.5029      0.5306      0.6173
     32    2     -0.5525     -0.5672     -0.5844
     32    3     -0.7351     -0.7136     -0.7398
     33    1     -0.8361     -0.8618     -0.8199
     33    2     -0.9473     -0.9131     -0.9447
     33    3     -0.7584     -0.7276     -0.7545
     34    1     -0.5064     -0.4721     -0.4877
     34    2      0.0157     -0.0703     -0.0417
     34    3     -0.5064     -0.4721     -0.4877
     35    1      1.5265      1.5033      1.4700
     35    2     -0.3945     -0.3848     -0.3752
     35    3     -0.2996     -0.2959     -0.3027
     36    1     -0.7705     -0.7419     -0.7623
     36    2     -0.7705     -0.7419     -0.7623
     36    3     -0.5890     -0.5599     -0.5806
     37    1      0.6459      0.6249      0.6117
     37    2      2.1255      2.0786      2.1599
     37    3     -0.3125     -0.2810     -0.2896
     38    1     -0.5711     -0.5099     -0.5187
     38    2     -0.4919     -0.4641     -0.4708
     38    3     -0.3436     -0.3552     -0.3476
     39    1      0.3989      0.3852      0.3711
     39    2      0.4444      0.4654      0.4456
     39    3      0.0175      0.1177      0.1503
     40    1     -0.2235     -0.2070     -0.2206
     40    2     -0.2067     -0.2471     -0.2571
     40    3      0.1735      0.2468      0.2106
     41    1     -0.4132     -0.4035     -0.4071
     41    2     -0.1786     -0.2134     -0.2257
     41    3     -0.3789     -0.3683     -0.3761
     42    1     -0.3008     -0.3124     -0.3077
     42    2      1.3492      1.4067      1.4293
     42    3      2.0619      2.0770      2.1268
     43    1      0.3232      0.4333      0.4604
     43    2     -0.6071     -0.6318     -0.6128
     43    3     -0.7378     -0.7915     -0.7379
     44    1     -0.5938     -0.5673     -0.5707
     44    2     -0.5938     -0.5673     -0.5707
     44    3     -0.5938     -0.5673     -0.5707
     45    1     -0.5247     -0.4992     -0.4991
     45    2     -0.4251     -0.4081     -0.4187
     45    3      1.2959      1.2673      1.2643
     46    1     -0.0806     -0.0967      0.0064
     46    2      0.0483      0.0417      0.0454
     46    3      0.4315      0.5432      0.5253
     47    1      0.5008      0.4334      0.3716
     47    2     -0.0330      0.0018      0.0036
     47    3     -0.0646     -0.1335     -0.1402
     48    1     -0.4481     -0.4512     -0.4686
     48    2     -0.5094     -0.5090     -0.5274
     48    3      0.0578     -0.1379     -0.1022
     49    1     -0.2845     -0.2231     -0.2954
     49    2     -0.0604     -0.0841     -0.1137
     49    3     -0.5284     -0.5014     -0.5309
     50    1      0.2790      0.2004      0.1916
     50    2     -0.1380     -0.0602     -0.0743
     50    3      0.3783      0.4279      0.3536
     51    1     -0.3004     -0.2322     -0.1955
     51    2     -0.7712     -0.8160     -0.9252
     51    3     -0.2949     -0.5329     -0.4149
     52    1     -0.2825     -0.1432     -0.1203
     52    2      0.1400      0.3001      0.4610
     52    3     -0.6777     -0.6161     -0.6223
     53    1      0.2655      0.3417      0.3396
     53    2     -0.3024     -0.2710     -0.2870
     53    3     -0.2911     -0.3010     -0.3006
     54    1      0.1630      0.1040      0.1628
     54    2     -0.2157     -0.3036     -0.2705
     54    3     -0.5145     -0.4753     -0.4767
     55    1      3.7982      3.8237      3.5791
     55    2      0.5967      0.7208      0.6072
     55    3     -0.5916     -0.4893     -0.5445
     56    1      1.0150      0.5889      0.7977
     56    2      0.1802      0.2355      0.2477
     56    3     -0.0533     -0.0931     -0.0607
     57    1      0.1748      0.2637      0.3166
     57    2      0.6451      0.5779      0.5964
     57    3      0.5035      0.4641      0.4577
     58    1     -0.2906     -0.1958     -0.2675
     58    2     -0.0881     -0.0590     -0.0612
     58    3      0.2632      0.1641      0.1024
     59    1      0.1116     -0.2065     -0.0888
     59    2      0.7157      0.8679      0.7262
     59    3     -0.4349     -0.4271     -0.4608
     60    1      0.1298      0.1353      0.1321
     60    2     -0.2785     -0.2535     -0.2096
     60    3      0.4527      0.4364      0.3763
     61    1     -0.3957     -0.3489     -0.3739
     61    2     -0.2499     -0.2750     -0.2693
     61    3      1.5119      1.5032      1.5333
     62    1      0.4991      0.4672      0.4835
     62    2     -0.2048     -0.1646     -0.2323
     62    3     -0.5847     -0.5190     -0.5250
     63    1     -0.6092     -0.5572     -0.5960
     63    2      0.1333      0.1957      0.1776
     63    3      2.0018      1.8466      1.8412
     64    1     -0.2973     -0.2749     -0.2687
     64    2     -0.5634     -0.5752     -0.5260
     64    3     -0.3118     -0.3048     -0.2961
     65    1     -0.3175     -0.2767     -0.2155
     65    2     -1.0685     -1.0749     -1.0006
     65    3     -0.2211     -0.2133     -0.3237
     66    1      1.3111      1.4352      1.5031
     66    2      0.6119      0.5712      0.5981
     66    3     -0.7014     -0.7009     -0.6902
     67    1     -0.4050     -0.4206     -0.4049
     67    2      0.4704      0.5773      0.6237
     67    3     -0.5214     -0.6510     -0.6415
     68    1      1.1876      1.1932      1.1477
     68    2     -0.5700     -0.5465     -0.4427
     68    3     -0.0884     -0.1522     -0.1328
     69    1     -1.4185     -1.3935     -1.3571
     69    2      0.1776      0.1190      0.0934
     69    3      0.3362      0.3677      0.3480
     70    1     -0.3242     -0.2614     -0.1912
     70    2      0.1521      0.1870      0.3110
     70    3      1.4288      1.4078      1.4983
     71    1      2.2287      2.1629      1.7941
     71    2      1.7825      1.7637      1.7452
     71    3     -0.5129     -0.3969      0.1425
     72    1     -0.3303     -0.4425     -0.2568
     72    2     -0.3983     -0.3967     -0.2568
     72    3      0.6197      0.6351      0.7548
     73    1      0.0514      0.0848      0.1283
     73    2      1.5313      1.3955      1.4658
     73    3     -0.4793     -0.4442     -0.4203
     74    1      0.0491      0.0566      0.0668
     74    2     -0.1832     -0.1577     -0.1363
     74    3     -0.1789     -0.1607     -0.1812
     75    1      0.2667      0.2073      0.2567
     75    2      0.3992      0.3805      0.3363
     75    3     -0.3296     -0.3384     -0.3633
     76    1      1.5181      1.6511      1.6993
     76    2     -0.1481     -0.0751     -0.0876
     76    3     -0.2262     -0.2046     -0.2320
     77    1     -0.3732     -0.3731     -0.3633
     77    2      1.0591      1.0636      1.0557
     77    3     -0.6055     -0.5715     -0.5804
     78    1     -0.2066     -0.2559     -0.2394
     78    2     -0.0212     -0.0284     -0.0306
     78    3      1.4157      1.4062      1.4161
     79    1      0.3047      0.2168      0.2605
     79    2     -0.2690     -0.2538     -0.2708
     79    3      0.1445      0.1972      0.1876
     80    1     -0.3718     -0.3338     -0.3541
     80    2     -0.5630     -0.5433     -0.5695
     80    3     -0.2547     -0.2529     -0.2332
     81    1     -0.2189     -0.1976     -0.2057
     81    2      0.2533      0.1885      0.2021
     81    3     -0.2470     -0.2613     -0.2586
     82    1     -0.2977     -0.2747     -0.2857
     82    2     -0.3867     -0.3692     -0.3757
     82    3     -0.3681     -0.3444     -0.3533
     83    1     -0.4090     -0.4433     -0.4357
     83    2      0.1563      0.1474      0.1693
     83    3     -0.2302     -0.2210     -0.2226
     84    1     -0.7351     -0.7136     -0.7398
     84    2      1.1324      1.1028      1.0774
     84    3      0.7009      0.7823      0.7749
     85    1      0.5964      0.5631      0.5839
     85    2      0.8748      0.9899      0.9478
     85    3      0.2650      0.2018      0.1974
     86    1     -0.5064     -0.4721     -0.4877
     86    2     -0.5064     -0.4721     -0.4877
     86    3     -0.5064     -0.4721     -0.4877
     87    1     -0.3119     -0.3153     -0.3260
     87    2      0.7870      0.7959      0.8126
     87    3      1.5990      1.6252      1.5803
     88    1      1.3917      1.4972      1.4932
     88    2     -0.5099     -0.5139     -0.5134
     88    3     -0.1772     -0.1816     -0.2111
     89    1      0.6025      0.6298      0.5599
     89    2     -0.3125     -0.2810     -0.2896
     89    3      1.6978      1.7313      1.6912
     90    1     -0.2950     -0.2846     -0.2798
     90    2      0.7377      0.8045      0.8037
     90    3     -0.2354     -0.2114     -0.2449
     91    1      0.2931      0.2554      0.2165
     91    2     -0.5711     -0.5606     -0.5846
     91    3     -0.4972     -0.4783     -0.4868
     92    1      0.7391      0.8028      0.8318
     92    2      0.1282      0.1390      0.1304
     92    3     -0.1701     -0.2009     -0.1860
     93    1      0.2582      0.2509      0.2290
     93    2     -0.4132     -0.4035     -0.4071
     93    3     -0.2500     -0.2634     -0.2589
     94    1     -0.1214     -0.1135     -0.0982
     94    2     -0.4627     -0.4707     -0.4675
     94    3      2.3211      2.2361      2.1370
     95    1     -0.0846     -0.0131     -0.0213
     95    2      1.0922      1.0839      1.0415
     95    3     -0.1706     -0.2108     -0.2060
     96    1     -0.2341     -0.2214     -0.2492
     96    2      3.1921      3.1398      3.0278
     96    3     -0.2178     -0.1756     -0.1936
     97    1      3.5301      3.4633      3.4090
     97    2     -0.3024     -0.3643     -0.3219
     97    3     -0.0950     -0.0399     -0.0562
     98    1     -0.8687     -0.8611     -0.8509
     98    2     -0.3517     -0.3441     -0.3573
     98    3      0.0483      0.0417      0.0454
     99    1     -0.1688     -0.1030     -0.1173
     99    2     -0.1825     -0.1440     -0.1433
     99    3      0.1530      0.1843      0.1933
    100    1     -0.1442     -0.2553     -0.2083
    100    2      1.6001      1.5383      1.3182
    100    3     -0.4389     -0.4570     -0.4669
    101    1      3.1577      2.9541      2.8611
    101    2     -0.0604     -0.0841     -0.1137
    101    3     -0.3457     -0.3383     -0.3150
    102    1     -0.2739     -0.2538     -0.2728
    102    2     -0.1380     -0.0602     -0.0743
    102    3      0.6617      0.7229      0.7533
    103    1     -0.0563     -0.1598     -0.1444
    103    2     -0.6608     -0.5363     -0.5680
    103    3      2.1939      2.2849      2.3825
    104    1     -0.6777     -0.6161     -0.6223
    104    2     -0.5245     -0.4201     -0.4632
    104    3     -0.3854     -0.3674     -0.3592
    105    1     -0.3024     -0.2710     -0.2870
    105    2     -0.6467     -0.5195     -0.5652
    105    3     -0.1559     -0.0581     -0.1096
    106    1     -0.2724     -0.2611     -0.2664
    106    2     -0.0360     -0.0001      0.1054
    106    3     -0.2903     -0.2365     -0.2688
    107    1      0.2667      0.2435      0.3172
    107    2     -0.6630     -0.6489     -0.6916
    107    3     -0.3186     -0.2898     -0.3270
    108    1     -0.8951     -0.5437     -0.7429
    108    2      0.0490     -0.2071     -0.0483
    108    3      0.3935      0.7812      0.3363
    109    1      0.4535      0.6654      1.0149
    109    2     -0.4166     -0.4477     -0.4485
    109    3      0.7551      0.6366      0.5491
    110    1     -0.4161     -0.3866     -0.3507
    110    2      0.4153      0.4169      0.3378
    110    3     -0.0225     -0.0802     -0.0345
    111    1     -0.4218     -0.4117     -0.4214
    111    2      0.7430      0.7783      0.7903
    111    3     -0.3349     -0.2543     -0.2750
    112    1     -0.0019     -0.1165     -0.0670
    112    2     -0.1500     -0.0708     -0.0999
    112    3     -0.0652     -0.0390     -0.0401
    113    1     -0.2499     -0.2750     -0.2693
    113    2      1.1775      1.2438      1.1853
    113    3     -0.2784     -0.2846     -0.2686
    114    1      0.1332     -0.1087     -0.0221
    114    2      1.8715      1.6701      1.3350
    114    3     -0.8775     -0.8010     -0.7664
    115    1      0.2518      0.1666      0.2577
    115    2     -0.0670     -0.1060     -0.1225
    115    3      0.2687      0.1039      0.1336
    116    1     -0.5634     -0.5752     -0.5260
    116    2     -0.5634     -0.5752     -0.5260
    116    3      0.8599      0.9615      0.8980
    117    1     -0.6820     -0.7377     -0.7086
    117    2     -0.6848     -0.5496     -0.6485
    117    3     -0.0560      0.0364      0.0570
    118    1      0.2122      0.1556      0.1943
    118    2     -0.4201     -0.3166     -0.3238
    118    3      0.6992      0.6326      0.6951
    119    1     -0.1718     -0.1384     -0.0920
    119    2      1.8352      1.8674      1.8860
    119    3      0.4425      0.3958      0.1809
    120    1     -0.0057      0.0279      0.0081
    120    2     -0.0884     -0.1522     -0.1328
    120    3     -0.6743     -0.9089     -1.0614
    121    1     -0.1823     -0.1591      0.0714
    121    2      0.4615      0.4531      0.5399
    121    3     -1.0977     -1.0561     -1.0234
    122    1      0.4670      0.5281      0.6778
    122    2      0.3656      0.2318     -0.0208
    122    3     -0.6012     -0.6266     -0.6428
    123    1      0.4419      0.4168      0.4661
    123    2     -0.1178     -0.1282      0.1425
    123    3      2.2287      2.1629      1.7941
    124    1     -0.3983     -0.3967     -0.2568
    124    2      0.7110      0.6000      0.4771
    124    3     -0.3303     -0.4425     -0.2568
    125    1      0.7665      0.6692      0.4857
    125    2     -0.5333     -0.5224     -0.5016
    125    3     -0.4793     -0.4442     -0.4203
    126    1      0.5234      0.4265      0.3658
    126    2      2.7895      2.7421      2.5086
    126    3     -0.2798     -0.2588     -0.2958
    127    1     -0.4718     -0.3766     -0.3078
    127    2     -0.0009     -0.0438      0.0442
    127    3     -0.3603     -0.3583     -0.3987
    128    1      0.0759      0.0840      0.1319
    128    2     -0.3606     -0.3400     -0.3506
    128    3      0.7861      0.8418      0.8482
    129    1     -0.6940     -0.6439     -0.6613
    129    2     -0.4330     -0.4152     -0.4234
    129    3      0.7396      0.6964      0.6865
    130    1     -0.2874     -0.2559     -0.2777
    130    2     -0.1504     -0.1554     -0.1583
    130    3     -0.2874     -0.2559     -0.2777
    131    1      1.1022      1.0429      1.0297
    131    2     -0.2690     -0.2538     -0.2708
    131    3     -0.2690     -0.2538     -0.2708
    132    1     -0.5774     -0.5433     -0.5558
    132    2      0.5315      0.5872      0.6298
    132    3     -0.5774     -0.5433     -0.5695
    133    1     -0.4864     -0.4698     -0.4791
    133    2     -0.4864     -0.4698     -0.4791
    133    3     -0.4864     -0.4698     -0.4791
    134    1     -0.2639     -0.2398     -0.2510
    134    2     -0.2987     -0.2655     -0.2889
    134    3     -0.1455     -0.0952     -0.1120
    135    1      0.1844      0.2371      0.2391
    135    2     -0.5728     -0.5256     -0.5518
    135    3     -0.2470     -0.2850     -0.2942
    136    1     -0.8771     -0.8417     -0.8790
    136    2      0.3149      0.3005      0.3285
    136    3     -0.0044     -0.0343     -0.0280
    137    1     -0.3380     -0.3458     -0.3340
    137    2     -0.8361     -0.8618     -0.8199
    137    3      1.7237      1.6653      1.6375
    138    1     -0.5064     -0.4721     -0.4877
    138    2      0.4026      0.4618      0.4419
    138    3      1.6264      1.7056      1.7322
    139    1     -0.0939     -0.0830     -0.0934
    139    2      1.2906      1.2394      1.1768
    139    3     -0.3945     -0.3848     -0.3999
    140    1     -0.7705     -0.7419     -0.7623
    140    2      0.5811      0.5589      0.5500
    140    3      0.9575      0.8294      0.7627
    141    1     -0.1698     -0.1482     -0.1526
    141    2     -0.3125     -0.2810     -0.2896
    141    3     -0.3125     -0.2810     -0.2896
    142    1     -0.1099     -0.1196     -0.1226
    142    2     -0.6072     -0.6879     -0.6792
    142    3     -0.3436     -0.3552     -0.3476
    143    1     -0.5711     -0.5606     -0.5846
    143    2      0.2931      0.2554      0.2165
    143    3      0.3914      0.3355      0.3461
    144    1      3.7572      3.7071      3.7227
    144    2     -0.5471     -0.5200     -0.5299
    144    3     -0.2641     -0.1959     -0.2100
    145    1     -0.5889     -0.5904     -0.5663
    145    2      0.7740      0.8375      0.8437
    145    3     -0.2055     -0.1995     -0.1877
    146    1     -0.5178     -0.4758     -0.4851
    146    2      0.1360      0.1271      0.1317
    146    3      0.9076      0.9443      0.9864
    147    1     -0.6507     -0.6449     -0.6378
    147    2     -0.5434     -0.5984     -0.5564
    147    3      0.0698      0.0284      0.0232
    148    1      0.0867      0.0629      0.0444
    148    2     -0.5938     -0.5673     -0.5707
    148    3      3.3086      3.4196      3.5594
    149    1      0.0868      0.1799      0.1534
    149    2      1.2959      1.2673      1.2643
    149    3     -0.3448     -0.3082     -0.2740
    150    1      0.3912      0.3311      0.3584
    150    2     -0.0435     -0.0590     -0.0567
    150    3     -0.3161     -0.3251     -0.3300
    151    1     -0.1688     -0.1030     -0.1173
    151    2      1.3572      1.2812      1.4340
    151    3     -0.1979     -0.1864     -0.2567
    152    1     -0.4481     -0.4512     -0.4686
    152    2      1.1350      1.1153      1.1763
    152    3     -0.1068     -0.1246     -0.1522
    153    1     -0.3950     -0.3879     -0.3505
    153    2     -0.2256     -0.2207     -0.2404
    153    3     -0.5284     -0.5014     -0.5309
    154    1      2.5154      2.5575      2.3796
    154    2     -0.1649     -0.2015     -0.1899
    154    3      0.1897      0.0814      0.0765
    155    1     -0.6608     -0.5363     -0.5680
    155    2      3.0512      3.1456      3.2045
    155    3     -0.3347     -0.4025     -0.3563
    156    1      1.9012      1.7382      1.6114
    156    2      2.6496      2.8222      2.8407
    156    3      0.1132     -0.0263      0.0167
    157    1     -0.6541     -0.6246     -0.6414
    157    2     -0.2911     -0.3010     -0.3006
    157    3     -0.5364     -0.5256     -0.5321
    158    1      1.8837      1.7890      1.8863
    158    2      0.0345      0.1243      0.1455
    158    3     -0.2157     -0.3036     -0.2705
    159    1      0.3344      0.4675      0.4473
    159    2      0.7129      0.7306      1.0129
    159    3      0.5100      0.3671      0.4196
    160    1     -0.1270     -0.2996     -0.2460
    160    2     -0.3105     -0.4413     -0.3517
    160    3      0.5942      0.6406      1.0031
    161    1     -0.5449     -0.5570     -0.5284
    161    2      0.1709      0.1542      0.1385
    161    3      0.0475     -0.1714     -0.0890
    162    1      0.0030     -0.1159     -0.0466
    162    2     -0.0225     -0.0802     -0.0345
    162    3     -0.0312     -0.1225     -0.0665
    163    1      0.7430      0.7783      0.7903
    163    2     -0.5350     -0.5818     -0.5854
    163    3     -0.6702     -0.6340     -0.6424
    164    1     -0.2703     -0.2535     -0.2096
    164    2      0.1635      0.2005      0.1900
    164    3     -0.2880     -0.2535     -0.2096
    165    1      0.0304     -0.0356     -0.0180
    165    2     -0.0141     -0.0244     -0.0303
    165    3      0.6447      0.5640      0.6428
    166    1     -0.3369     -0.3003     -0.3194
    166    2     -0.5569     -0.4250     -0.4884
    166    3     -0.4285     -0.4998     -0.4361
    167    1      0.2344      0.3687      0.3395
    167    2      0.1333      0.1957      0.1776
    167    3     -0.3347     -0.4320     -0.4468
    168    1      0.2267      0.2822      0.2946
    168    2     -0.0736     -0.0467     -0.0351
    168    3      1.2655      1.1921      1.1329
    169    1      1.5258      1.4720      1.0457
    169    2     -0.7222     -0.6483     -0.6600
    169    3     -0.4755     -0.3852     -0.4759
    170    1     -0.4262     -0.4621     -0.4137
    170    2      0.1057      0.0732      0.0567
    170    3     -0.7541     -0.7422     -0.6845
    171    1     -0.0577     -0.0901     -0.0439
    171    2     -0.3538     -0.3499     -0.3073
    171    3     -0.0957     -0.0619     -0.0765
    172    1      0.3974      0.3752      0.3893
    172    2     -0.7627     -0.7515     -0.7211
    172    3      1.8588      1.9167      1.8778
    173    1      0.4615      0.4531      0.5399
    173    2      2.0204      1.8955      1.9283
    173    3     -1.2160     -1.2402     -1.2389
    174    1      0.6807      0.6707      0.7131
    174    2      1.4288      1.4078      1.4983
    174    3     -0.3469     -0.3350     -0.2404
    175    1      1.0655      1.0327      1.0086
    175    2      0.6641      0.5678      0.4477
    175    3     -0.0024     -0.0084      0.1425
    176    1      0.3766      0.2861      0.0353
    176    2      0.1051      0.1610      0.3895
    176    3     -0.3747     -0.3613     -0.2568
    177    1      1.1043      0.9250      0.3061
    177    2      0.7665      0.6692      0.4857
    177    3     -0.2779     -0.3300     -0.4250
    178    1     -0.2798     -0.2588     -0.2958
    178    2     -0.1637     -0.1366     -0.1389
    178    3     -0.0018     -0.0086     -0.0109
    179    1     -0.0009     -0.0438      0.0442
    179    2     -0.4718     -0.4622     -0.4877
    179    3     -0.2071     -0.2136     -0.2506
    180    1     -0.2262     -0.2046     -0.2320
    180    2     -0.4472     -0.4180     -0.4404
    180    3     -0.6272     -0.5973     -0.6107
    181    1      0.9138      0.8414      0.7654
    181    2     -0.4838     -0.4432     -0.4614
    181    3     -0.8007     -0.7418     -0.7490
    182    1     -0.2874     -0.2559     -0.2777
    182    2     -0.2191     -0.1947     -0.2146
    182    3      0.2567      0.2018      0.2125
    183    1     -0.0556     -0.0308     -0.0444
    183    2      0.4716      0.3839      0.3774
    183    3      0.3047      0.2168      0.2605
    184    1      0.0782     -0.0363     -0.0046
    184    2     -0.5774     -0.5433     -0.5695
    184    3      0.2727      0.2060      0.2218
    185    1     -0.0694     -0.0818     -0.0607
    185    2      0.1194      0.0611      0.0900
    185    3     -0.1763     -0.1262     -0.1275
    186    1     -0.2977     -0.2747     -0.2857
    186    2     -0.2259     -0.2336     -0.2306
    186    3     -0.2494     -0.2202     -0.2273
    187    1      0.0824      0.1696      0.1602
    187    2     -0.7051     -0.6612     -0.6889
    187    3     -0.5728     -0.5256     -0.5518
    188    1     -0.4550     -0.4237     -0.4609
    188    2      0.3283      0.3622      0.4248
    188    3      0.7009      0.7823      0.7749
    189    1     -0.5378     -0.4925     -0.5480
    189    2      1.1768      1.1236      1.1145
    189    3     -0.7976     -0.7546     -0.7776
    190    1      2.6557      2.5981      2.5893
    190    2      0.0033      0.0063     -0.0032
    190    3     -0.3558     -0.3268     -0.3417
    191    1      0.0996      0.0014      0.0858
    191    2     -0.1052     -0.1084     -0.1253
    191    3     -0.2657     -0.2674     -0.2755
    192    1      0.0095     -0.0379     -0.0391
    192    2     -0.1056     -0.1932     -0.1594
    192    3     -0.4473     -0.4665     -0.4694
    193    1     -0.1698     -0.1482     -0.1526
    193    2     -0.3125     -0.2810     -0.2896
    193    3      0.7429      0.6783      0.6906
    194    1     -0.2354     -0.2114     -0.2449
    194    2     -0.4834     -0.4571     -0.4621
    194    3      0.3483      0.3452      0.4412
    195    1     -0.5711     -0.5606     -0.5846
    195    2     -0.3041     -0.3038     -0.3191
    195    3     -0.2829     -0.2829     -0.3041
    196    1     -0.3188     -0.3067     -0.3153
    196    2      0.0118     -0.0365     -0.0310
    196    3     -0.3324     -0.3072     -0.3230
    197    1     -0.1786     -0.2134     -0.2257
    197    2      0.8921      0.8743      0.8469
    197    3     -0.2055     -0.1995     -0.1877
    198    1     -0.2016     -0.1616     -0.1859
    198    2      0.9076      0.9443      0.9864
    198    3     -0.0592     -0.0764     -0.0676
    199    1     -0.7663     -0.7274     -0.7358
    199    2     -0.7378     -0.7915     -0.7379
    199    3     -0.6651     -0.6301     -0.6369
    200    1      0.2091      0.1736      0.1525
    200    2     -0.5938     -0.5673     -0.5707
    200    3      0.1359      0.0841      0.0905
    201    1      0.0096      0.0753      0.0768
    201    2     -0.4389     -0.4313     -0.4532
    201    3      0.9509      0.9274      0.9387
    202    1     -0.4800     -0.4803     -0.4876
    202    2     -0.7315     -0.7457     -0.7161
    202    3     -0.0023      0.2400      0.2895
    203    1      0.1530      0.1843      0.1933
    203    2     -0.0569     -0.0598     -0.0484
    203    3     -0.2894     -0.3375     -0.3599
    204    1     -0.1068     -0.1246     -0.1522
    204    2      0.7621      0.6965      0.7594
    204    3     -0.4600     -0.4190     -0.3985
    205    1     -0.3900     -0.3808     -0.3972
    205    2      0.1187      0.0963      0.0959
    205    3      0.1041      0.0930      0.0930
    206    1      1.7813      1.7255      1.8559
    206    2     -0.0295     -0.0992     -0.0872
    206    3      0.3783      0.4279      0.3536
    207    1      0.4372      0.2842      0.2218
    207    2      0.8571      0.7700      0.6731
    207    3      0.0069     -0.1682     -0.1056
    208    1     -0.6777     -0.6161     -0.6223
    208    2     -0.2020     -0.3330     -0.2845
    208    3      0.5460      0.5509      0.5867
    209    1      0.2847      0.2908      0.2603
    209    2     -0.6541     -0.6441     -0.6414
    209    3     -0.0116     -0.0729     -0.0980
    210    1     -0.2903     -0.2365     -0.2688
    210    2     -0.2298     -0.1785     -0.2032
    210    3     -0.1183     -0.2386     -0.2012
    211    1      0.9135      0.8059      0.6815
    211    2     -0.3877     -0.2833     -0.3522
    211    3      0.3344      0.4675      0.4473
    212    1      2.6699      2.5641      2.8133
    212    2     -0.2068     -0.1689     -0.1749
    212    3     -0.6597     -0.5758     -0.5842
    213    1     -0.1462     -0.2247     -0.1946
    213    2     -0.1032     -0.1902     -0.1809
    213    3      0.1748      0.2637      0.3166
    214    1     -0.4265     -0.3866     -0.3507
    214    2     -0.0168      0.0431      0.0365
    214    3     -0.4265     -0.3866     -0.3507
    215    1     -0.4378     -0.3965     -0.4098
    215    2      0.4913      0.7013      0.7013
    215    3     -0.4154     -0.3841     -0.3570
    216    1      1.1408      1.1381      1.1733
    216    2      0.4527      0.4364      0.3763
    216    3     -0.2880     -0.2535     -0.2096
    217    1     -0.0468     -0.2640     -0.1766
    217    2     -0.2641     -0.2074     -0.2312
    217    3      0.0304     -0.0356     -0.0180
    218    1     -0.5491     -0.4852     -0.4998
    218    2     -0.2471     -0.2976     -0.2679
    218    3     -0.2476     -0.2787     -0.2428
    219    1     -0.2144     -0.3737     -0.3185
    219    2     -0.1114     -0.1365     -0.0856
    219    3     -0.7621     -0.7431     -0.7090
    220    1     -0.0686     -0.0608     -0.0552
    220    2     -0.5178     -0.5167     -0.5095
    220    3      0.6987      0.7818      0.8036
    221    1      0.8814      0.8626      0.8669
    221    2     -0.2277     -0.2214     -0.1112
    221    3     -0.0094     -0.0526     -0.0308
    222    1     -0.0903     -0.0245     -0.0519
    222    2     -0.1638     -0.1944     -0.1114
    222    3     -0.6859     -0.5856     -0.6781
    223    1     -0.7413     -0.7473     -0.7316
    223    2      0.6425      0.6158      0.6192
    223    3     -0.3538     -0.3499     -0.3073
    224    1      0.9119      0.9683      1.1035
    224    2     -0.3028     -0.2231     -0.3053
    224    3      1.8588      1.9167      1.8778
    225    1      0.5665      0.5878      0.6269
    225    2      2.0204      1.8955      1.9283
    225    3      0.7964      1.0548      1.1079
    226    1      0.4428      0.2829      0.0841
    226    2     -0.3469     -0.3350     -0.2404
    226    3     -0.2486     -0.2634     -0.1448
    227    1     -0.0360      0.0201      0.1425
    227    2      0.0305     -0.0320      0.1425
    227    3     -0.3845     -0.3969      0.1425
    228    1     -0.4161     -0.3841     -0.2096
    228    2     -0.4043     -0.4055     -0.2568
    228    3     -0.4895     -0.4686     -0.2568
    229    1     -0.4714     -0.5101     -0.4636
    229    2      0.1766      0.1656     -0.0552
    229    3     -0.5811     -0.5649     -0.4701
    230    1      1.4536      1.4001      1.2480
    230    2      0.0491      0.0566      0.0668
    230    3     -0.2798     -0.2588     -0.2958
    231    1     -0.4718     -0.4748     -0.5841
    231    2     -0.3603     -0.3583     -0.3987
    231    3     -0.1496     -0.1199      0.0423
    232    1      2.5544      2.5670      2.6967
    232    2     -0.6272     -0.5973     -0.6107
    232    3      0.0759      0.0840      0.1319
    233    1      1.7637      1.6886      1.6679
    233    2     -0.5900     -0.5447     -0.5522
    233    3     -0.5621     -0.5156     -0.5307
    234    1     -0.2874     -0.2559     -0.2777
    234    2     -0.1504     -0.1554     -0.1583
    234    3     -0.0900     -0.1378     -0.1119
    235    1     -0.2690     -0.2538     -0.2708
    235    2     -0.0501     -0.1084     -0.0900
    235    3     -0.2304     -0.2185     -0.2311
    236    1     -0.3391     -0.3775     -0.3717
    236    2     -0.2547     -0.2529     -0.2332
    236    3     -0.3139     -0.3203     -0.3126
    237    1     -0.1577     -0.1500     -0.1568
    237    2     -0.1763     -0.1262     -0.1275
    237    3     -0.4864     -0.4698     -0.4791
    238    1     -0.2605     -0.2387     -0.2516
    238    2     -0.2663     -0.2606     -0.2569
    238    3      0.0503      0.0312      0.0606
    239    1     -0.2470     -0.2850     -0.2942
    239    2     -0.1489     -0.1479     -0.1383
    239    3     -0.0404     -0.0379     -0.0273
    240    1     -0.4550     -0.4237     -0.4609
    240    2      1.6930      1.7022      1.6214
    240    3     -0.4874     -0.4848     -0.4913
    241    1     -0.9473     -0.9131     -0.9447
    241    2      0.2650      0.2018      0.1974
    241    3     -0.4707     -0.5089     -0.5083
    242    1     -0.2104     -0.1887     -0.2012
    242    2     -0.2136     -0.2132     -0.2121
    242    3      0.0033      0.0063     -0.0032
    243    1      1.5656      1.6533      1.7471
    243    2      0.6426      0.6406      0.6766
    243    3     -0.2020     -0.2457     -0.2375
    244    1     -0.5035     -0.4602     -0.4719
    244    2     -0.5099     -0.5139     -0.5134
    244    3      0.0095     -0.0379     -0.0391
    245    1      0.4057      0.3783      0.3830
    245    2     -0.1344     -0.1623     -0.1521
    245    3     -0.0857     -0.0899     -0.0923
    246    1     -0.1099     -0.1196     -0.1226
    246    2     -0.3436     -0.3552     -0.3476
    246    3      3.1372      3.1476      3.1524
    247    1     -0.5197     -0.5606     -0.5313
    247    2     -0.4773     -0.4605     -0.4616
    247    3     -0.3041     -0.3038     -0.3191
    248    1     -0.1454     -0.1285     -0.1594
    248    2      0.0857      0.0002      0.0249
    248    3     -0.1502     -0.1506     -0.1555
    249    1      0.1866      0.2000      0.1936
    249    2      0.0172      0.0333      0.0099
    249    3     -0.5404     -0.5564     -0.5472
    250    1     -0.4627     -0.4707     -0.4675
    250    2     -0.1948     -0.1549     -0.1616
    250    3     -0.3158     -0.3104     -0.3180
    251    1     -0.7484     -0.6984     -0.7041
    251    2     -0.7663     -0.7274     -0.7358
    251    3      0.3232      0.4333      0.4604
    252    1     -0.3675     -0.3490     -0.3660
    252    2     -0.5938     -0.5673     -0.5707
    252    3     -0.5938     -0.5673     -0.5707
    253    1      0.4424      0.3925      0.3641
    253    2      0.0614      0.0735      0.0582
    253    3     -0.3024     -0.3643     -0.3219
    254    1     -0.7315     -0.7457     -0.7161
    254    2      0.4315      0.5432      0.5253
    254    3     -0.3910     -0.3853     -0.3520
    255    1     -0.0330     -0.0518     -0.0414
    255    2     -0.0602     -0.0464     -0.0397
    255    3     -0.1825     -0.1440     -0.1433
    256    1      0.0578     -0.1379     -0.1022
    256    2      1.6001      1.5383      1.3182
    256    3     -0.6576     -0.6345     -0.6095
    257    1     -0.2838     -0.2395     -0.2431
    257    2     -0.5284     -0.5014     -0.5309
    257    3      0.1706      0.2398      0.1965
    258    1     -0.3320     -0.3168     -0.3565
    258    2     -0.1649     -0.2015     -0.1899
    258    3     -0.2501     -0.2098     -0.2382
    259    1      1.6377      1.5278      1.5601
    259    2      0.3433      0.4729      0.5949
    259    3     -0.3347     -0.4025     -0.3563
    260    1     -0.6777     -0.6161     -0.6223
    260    2     -0.5041     -0.4455     -0.4689
    260    3      0.2532      0.2191      0.1866
