SHOP_WATER_VALUES
           7           3
           1   32592.2590712971     
   10.5703090268212        12.0775825751794        12.0775825751794     
   32.1538448333740        9.99999962747098        32.4295317033260     
           2   32592.2590712971     
   10.5703090268212        12.0775825751794        12.0775825751794     
   32.1538448333740        9.99999962747098        32.4295317033260     
           3   32592.2590712971     
   10.5703090268212        12.0775825751794        12.0775825751794     
   32.1538448333740        9.99999962747098        32.4295317033260     
           4   31747.9820779933     
   10.6574754843841        12.1662775374748        12.1662775374748     
   32.8364555652325       0.000000000000000E+000   29.3009508376154     
           5   32616.1484020113     
   10.5321226764370        12.0729530308698        12.0729530308698     
   43.3608348552997       0.000000000000000E+000   32.2376976610563     
           6   32487.6234458112     
   10.5483856974421        12.0892160518749        12.0892160518749     
   43.3608348552997       0.000000000000000E+000   31.7617019550912     
           7   34310.6378431276     
   10.3368486294875        11.8763594240756        11.8763594240756     
   43.3608348552997        100.000000000000        38.5268072687273     
 -9.0851307E-02  0.0000000E+00  0.6193364    
       10516       10517       10515
          -1
