 SHOP_WATER_VALUES
         500           3
           1   90691.5444637795     
   10.3757948820774       0.000000000000000E+000   11.6855017880475     
   44.0904303812064        11.5384597474566        28.8940805537622     
           2   91154.1083501480     
   10.2875481637212       0.000000000000000E+000   11.6280970939660     
   43.1767321406649        11.5384597474566        30.6925667720686     
           3   90742.1287086879     
   10.3681004905137       0.000000000000000E+000   11.6726145617812     
   44.0959886576121        11.5384597474566        29.0881846554294     
           4   90991.1620523711     
   10.3574216827273       0.000000000000000E+000   11.6667286480647     
   43.7081372938477        11.5384597474566        30.0532619250101     
           5   91093.5954632628     
   10.2472305656488       0.000000000000000E+000   11.6115227207835     
   44.2680627107620        11.5384597474566        30.4291243325311     
           6   90873.2111842042     
   10.3486058364768       0.000000000000000E+000   11.6640305233792     
   43.7704195053532        11.5384597474566        29.5993598823913     
           7   91164.6010200114     
   10.3517755418549       0.000000000000000E+000   11.6552536264035     
   42.4715581994790        11.5384597474566        30.7513241770717     
           8   90852.2863161319     
   10.3736497737770       0.000000000000000E+000   11.6742577441391     
   43.1141737275399        11.5384597474566        29.5356984952386     
           9   90688.4374851570     
   10.3757948820774       0.000000000000000E+000   11.6855017880475     
   44.2799844420873        11.5384597474566        28.8772893769529     
          10   90679.5146012998     
   10.3757948820774       0.000000000000000E+000   11.6855017880475     
   43.7494316353248        11.5384597474566        28.8568250289066     
          11   91042.5236478252     
   10.3597067872939       0.000000000000000E+000   11.6630906994507     
   42.0788563644657        11.5384597474566        30.2925181260512     
          12   90890.1993397474     
   10.3726861741254       0.000000000000000E+000   11.6730322678601     
   43.9696570141957        11.5384597474566        29.6589781286432     
          13   90961.6052298568     
   10.3574216827273       0.000000000000000E+000   11.6667286480647     
   43.1866873628818        11.5384597474566        29.9533727397555     
          14   90843.2951607647     
   10.3617924572896       0.000000000000000E+000   11.6691926200921     
   43.0300661291067        11.5384597474566        29.5036314513693     
          15   90845.3768714165     
   10.3239374788788       0.000000000000000E+000   11.6538116691218     
   44.6894424465986        11.5384597474566        29.4685544687796     
          16   90986.7747967910     
   10.3239419932825       0.000000000000000E+000   11.6460174625775     
   44.4854204184734        11.5384597474566        30.0166223919065     
          17   90971.9627823570     
   10.3663108143198       0.000000000000000E+000   11.6708491320097     
   43.0828242061230        11.5384597474566        29.9954902701563     
          18   90706.9551163018     
   10.3691794382809       0.000000000000000E+000   11.6830687653826     
   44.0746469853016        11.5384597474566        28.9536513617341     
          19   90793.8762958508     
   10.3753842661294       0.000000000000000E+000   11.6762857824469     
   43.4491203668026        11.5384597474566        29.3030787330179     
          20   90751.1901291923     
   10.3691794382809       0.000000000000000E+000   11.6830687653826     
   43.7837283198650        11.5384597474566        29.1305676956871     
          21   90981.4450414669     
   10.3492101341497       0.000000000000000E+000   11.6630899247466     
   43.8409922501216        11.5384597474566        30.0127532854010     
          22   90911.8752452244     
   10.3507953449773       0.000000000000000E+000   11.6591992384951     
   43.6491986736655        11.5384597474566        29.7508377631839     
          23   90981.7850110506     
   10.3574216827273       0.000000000000000E+000   11.6667286480647     
   44.2274477046270        11.5384597474566        30.0038922657269     
          24   90680.9339258507     
   10.3757948820774       0.000000000000000E+000   11.6855017880475     
   43.5689062166673        11.5384597474566        28.8669212331674     
          25   90960.3381186861     
   10.3574216827273       0.000000000000000E+000   11.6667286480647     
   43.9602141626752        11.5384597474566        29.9285415976706     
          26   91034.3571622203     
   10.2725679737662       0.000000000000000E+000   11.6289421391002     
   45.1692459531702        11.5384597474566        30.1805284907687     
          27   90801.8425255792     
   10.3760111016511       0.000000000000000E+000   11.6758276095085     
   43.3434664629973        11.5384597474566        29.3363578071697     
          28   90929.3576305263     
   10.3509986521922       0.000000000000000E+000   11.6598164354379     
   43.8814344314428        11.5384597474566        29.8119286933635     
          29   90672.5424858479     
   10.3036235577102       0.000000000000000E+000   11.6493637008291     
   44.8020365375739        11.5384597474566        28.8015327701799     
          30   91164.4843511945     
   10.2654776532057       0.000000000000000E+000   11.6243532435681     
   44.6607642735426        11.5384597474566        30.6938569813600     
          31   91076.3534392829     
   10.2776366029659       0.000000000000000E+000   11.6298585486109     
   43.6601347648180        11.5384597474566        30.3810132234055     
          32   91207.0105465168     
   10.1238342673299       0.000000000000000E+000   11.5305951704472     
   45.8657534363178        11.5384597474566        30.7950444398677     
          33   90948.3555737895     
   10.3490270775836       0.000000000000000E+000   11.6643019112640     
   44.0500683366106        11.5384597474566        29.8803855617108     
          34   91069.4938840086     
   10.3579607167935       0.000000000000000E+000   11.6598836757592     
   42.3820169356007        11.5384597474566        30.3883559993516     
          35   91177.7005567623     
   10.3503230088520       0.000000000000000E+000   11.6541176713677     
   43.2490533647629        11.5384597474566        30.7816028107433     
          36   90966.2229994018     
   10.3348241818038       0.000000000000000E+000   11.6574777581205     
   44.5067622054082        11.5384597474566        29.9372706283092     
          37   91021.9572287437     
   10.3582052630260       0.000000000000000E+000   11.6663540031526     
   43.6603675094935        11.5384597474566        30.1726150470192     
          38   83119.0703859374     
   105.691796357769       0.000000000000000E+000   82.4086167416636     
  0.000000000000000E+000   11.5384597474566       0.000000000000000E+000
          39   109058.491215488     
  0.000000000000000E+000  0.000000000000000E+000   8.69891845541336     
   100.000000000000        11.5384597474566        100.000000000000     
          40   89085.7119496264     
   10.7499955130648       0.000000000000000E+000   11.8038045692081     
   33.6630849661678        11.5384597474566        23.0412261303087     
          41   94849.1764782383     
   9.67804089525531       0.000000000000000E+000   11.2328884335657     
   56.6926029103869        11.5384597474566        44.6360357581410     
          42   89871.8777259614     
   10.5763408998779       0.000000000000000E+000   11.7527923889148     
   37.8709706653167        11.5384597474566        25.9213794502443     
          43   93036.4364394200     
   9.89741764722093       0.000000000000000E+000   11.3852835961963     
   51.2791781733523        11.5384597474566        37.7155400990044     
          44   90263.4089415164     
   10.4699403653134       0.000000000000000E+000   11.7212994378172     
   39.9749135148912        11.5384597474566        27.3614561102121     
          45   92125.8916697321     
   9.99540955226560       0.000000000000000E+000   11.4490258874050     
   48.5724658048351        11.5384597474566        34.2552922694360     
          46   90946.0573890179     
   10.4312360934856       0.000000000000000E+000   11.6689120997824     
   43.8117089601942        11.5384597474566        29.8048005179692     
          47   90946.3244396649     
   10.4548206965911       0.000000000000000E+000   11.6864498726064     
   43.8117089601942        11.5384597474566        29.8048005179692     
          48   90946.5104768392     
   10.3737083668272       0.000000000000000E+000   11.6425829840333     
   43.8117089601942        11.5384597474566        29.8048005179692     
          49   90930.7357553083     
   10.3489580840278       0.000000000000000E+000   11.6569271679317     
   43.8117089601942        11.5384597474566        29.8048005179692     
          50   90929.8614317360     
   10.5136856305157       0.000000000000000E+000   11.6757562162134     
   43.8117089601942        11.5384597474566        29.8048005179692     
          51   91021.1086368039     
   10.7156425966503       0.000000000000000E+000   11.6667105987071     
   43.8117089601942        11.5384597474566        29.8048005179692     
          52   90937.6062156140     
   10.4876585226288       0.000000000000000E+000   11.6868617616048     
   43.8117089601942        11.5384597474566        29.8048005179692     
          53   90930.7330933507     
   10.3500463768733       0.000000000000000E+000   11.6575161950150     
   43.8117089601942        11.5384597474566        29.8048005179692     
          54   90929.8184782524     
   10.5118902823381       0.000000000000000E+000   11.6742541036099     
   43.8117089601942        11.5384597474566        29.8048005179692     
          55   90930.0272350774     
   10.4026986400668       0.000000000000000E+000   11.6276163606601     
   43.8117089601942        11.5384597474566        29.8048005179692     
          56   90930.0247321951     
   10.5228413939292       0.000000000000000E+000   11.6801429698695     
   43.8117089601942        11.5384597474566        29.8048005179692     
          57   90930.8214656440     
   10.3367284026725       0.000000000000000E+000   11.6478465364687     
   43.8117089601942        11.5384597474566        29.8048005179692     
          58   90929.5873085085     
   10.4543649528341       0.000000000000000E+000   11.6473165220081     
   43.8117089601942        11.5384597474566        29.8048005179692     
          59   90929.5791122884     
   10.4868934342238       0.000000000000000E+000   11.6495398357258     
   43.8117089601942        11.5384597474566        29.8048005179692     
          60   90929.5881398942     
   10.5064637353216       0.000000000000000E+000   11.6570638666076     
   43.8117089601942        11.5384597474566        29.8048005179692     
          61   90929.8449752463     
   10.5098290888518       0.000000000000000E+000   11.6753898529484     
   43.8117089601942        11.5384597474566        29.8048005179692     
          62   90929.6805302216     
   10.5161324754778       0.000000000000000E+000   11.6672125973133     
   43.8117089601942        11.5384597474566        29.8048005179692     
          63   90930.8164661801     
   10.3233427368054       0.000000000000000E+000   11.6510223161009     
   43.8117089601942        11.5384597474566        29.8048005179692     
          64   90929.5846066329     
   10.5011452056090       0.000000000000000E+000   11.6599237695178     
   43.8117089601942        11.5384597474566        29.8048005179692     
          65   90943.5530432786     
   10.1731080679395       0.000000000000000E+000   11.5169928836969     
   43.8117089601942        11.5384597474566        29.8048005179692     
          66   90929.5846292565     
   10.5011479477088       0.000000000000000E+000   11.6599273820496     
   43.8117089601942        11.5384597474566        29.8048005179692     
          67   90929.5715790022     
   10.4941547831307       0.000000000000000E+000   11.6545531210757     
   43.8117089601942        11.5384597474566        29.8048005179692     
          68   90929.5905862587     
   10.5026185361281       0.000000000000000E+000   11.6605277662912     
   43.8117089601942        11.5384597474566        29.8048005179692     
          69   90929.6109959215     
   10.4504849653736       0.000000000000000E+000   11.6442496116273     
   43.8117089601942        11.5384597474566        29.8048005179692     
          70   90982.2327228385     
   10.2921334901366       0.000000000000000E+000   11.6474066613853     
   43.8117089601942        11.5384597474566        29.8048005179692     
          71   90930.7490890980     
   10.3769458164174       0.000000000000000E+000   11.6648087272420     
   43.8117089601942        11.5384597474566        29.8048005179692     
          72   91005.6640304466     
   10.3597334048159       0.000000000000000E+000   11.6868632371967     
   43.8117089601942        11.5384597474566        29.8048005179692     
          73   90983.4433579477     
   10.2422294275527       0.000000000000000E+000   11.6153394572855     
   43.8117089601942        11.5384597474566        29.8048005179692     
          74   90944.8162668589     
   10.0965452786072       0.000000000000000E+000   11.5187696740955     
   43.8117089601942        11.5384597474566        29.8048005179692     
          75   90929.6246619331     
   10.5146052670886       0.000000000000000E+000   11.6622309864324     
   43.8117089601942        11.5384597474566        29.8048005179692     
          76   90929.6231643531     
   10.5189544245074       0.000000000000000E+000   11.6595806558891     
   43.8117089601942        11.5384597474566        29.8048005179692     
          77   90930.2962615187     
   10.3909934610952       0.000000000000000E+000   11.6213552955879     
   43.8117089601942        11.5384597474566        29.8048005179692     
          78   90982.1927647012     
   10.3325785590374       0.000000000000000E+000   11.6629574304322     
   43.8117089601942        11.5384597474566        29.8048005179692     
          79   91114.5398424806     
   11.7771708267132       0.000000000000000E+000   11.6030644992762     
   43.8117089601942        11.5384597474566        29.8048005179692     
          80   91115.0353983843     
   12.1742486277379       0.000000000000000E+000   11.6425957070912     
   43.8117089601942        11.5384597474566        29.8048005179692     
          81   90929.9829434095     
   10.5155485673519       0.000000000000000E+000   11.6793521328308     
   43.8117089601942        11.5384597474566        29.8048005179692     
          82   90929.9867131338     
   10.4132138320318       0.000000000000000E+000   11.6279282550680     
   43.8117089601942        11.5384597474566        29.8048005179692     
          83   91114.0809446282     
   11.9382905639152       0.000000000000000E+000   11.6546670630283     
   43.8117089601942        11.5384597474566        29.8048005179692     
          84   90946.7549360260     
   10.2414551069633       0.000000000000000E+000   11.5402588797659     
   43.8117089601942        11.5384597474566        29.8048005179692     
          85   90936.1672823096     
   10.4011289947886       0.000000000000000E+000   11.6377627254413     
   43.8117089601942        11.5384597474566        29.8048005179692     
          86   90929.5715890782     
   10.4941547831307       0.000000000000000E+000   11.6545531210757     
   43.8117089601942        11.5384597474566        29.8048005179692     
          87   90929.6576285533     
   10.5147238765182       0.000000000000000E+000   11.6654902790224     
   43.8117089601942        11.5384597474566        29.8048005179692     
          88   90929.6982203223     
   10.4166333241500       0.000000000000000E+000   11.6420154628961     
   43.8117089601942        11.5384597474566        29.8048005179692     
          89   90930.7905132050     
   10.3769319001450       0.000000000000000E+000   11.6701760585421     
   43.8117089601942        11.5384597474566        29.8048005179692     
          90   91114.5969190842     
   12.0630002305568       0.000000000000000E+000   11.6554888250080     
   43.8117089601942        11.5384597474566        29.8048005179692     
          91   91114.4382444405     
   11.9560897098875       0.000000000000000E+000   11.6651815608657     
   43.8117089601942        11.5384597474566        29.8048005179692     
          92   90929.5818999971     
   10.4982474498678       0.000000000000000E+000   11.6527726344378     
   43.8117089601942        11.5384597474566        29.8048005179692     
          93   91115.1748922953     
   11.7692332402276       0.000000000000000E+000   11.5911818149160     
   43.8117089601942        11.5384597474566        29.8048005179692     
          94   91057.1506610698     
   10.2023144364054       0.000000000000000E+000   11.6617357442938     
   43.8117089601942        11.5384597474566        29.8048005179692     
          95   90930.7452738324     
   10.3718139474975       0.000000000000000E+000   11.6653312229997     
   43.8117089601942        11.5384597474566        29.8048005179692     
          96   91114.2309176566     
   11.8292149710010       0.000000000000000E+000   11.6122220997084     
   43.8117089601942        11.5384597474566        29.8048005179692     
          97   90946.0674808072     
   10.4255125628023       0.000000000000000E+000   11.6737031267225     
   43.8117089601942        11.5384597474566        29.8048005179692     
          98   91057.1581897622     
   10.2132809956022       0.000000000000000E+000   11.6697825497391     
   43.8117089601942        11.5384597474566        29.8048005179692     
          99   91057.6204406433     
   10.2398646870882       0.000000000000000E+000   11.6916931199620     
   43.8117089601942        11.5384597474566        29.8048005179692     
         100   90946.0658311241     
   10.4252097684237       0.000000000000000E+000   11.6735227529849     
   43.8117089601942        11.5384597474566        29.8048005179692     
         101   90930.7298896572     
   10.3641428481462       0.000000000000000E+000   11.6592708960731     
   43.8117089601942        11.5384597474566        29.8048005179692     
         102   90930.7905173953     
   10.3769319001450       0.000000000000000E+000   11.6701760585421     
   43.8117089601942        11.5384597474566        29.8048005179692     
         103   90982.4001199855     
   10.3476221359948       0.000000000000000E+000   11.6739925173552     
   43.8117089601942        11.5384597474566        29.8048005179692     
         104   91057.1918160296     
   10.1943051823936       0.000000000000000E+000   11.6551066569217     
   43.8117089601942        11.5384597474566        29.8048005179692     
         105   91058.4006242844     
   10.1485362191733       0.000000000000000E+000   11.6202630352034     
   43.8117089601942        11.5384597474566        29.8048005179692     
         106   90946.0518895148     
   10.4086070307515       0.000000000000000E+000   11.6695244868608     
   43.8117089601942        11.5384597474566        29.8048005179692     
         107   91057.6670701859     
   10.1692329369774       0.000000000000000E+000   11.6357628225495     
   43.8117089601942        11.5384597474566        29.8048005179692     
         108   91129.3550823921     
   11.5010100373173       0.000000000000000E+000   11.4838716597788     
   43.8117089601942        11.5384597474566        29.8048005179692     
         109   91114.8076125562     
   11.7946517624899       0.000000000000000E+000   11.5974210519071     
   43.8117089601942        11.5384597474566        29.8048005179692     
         110   91057.1519519769     
   10.2118971723811       0.000000000000000E+000   11.6688575220135     
   43.8117089601942        11.5384597474566        29.8048005179692     
         111   91057.2006058016     
   10.2190064327578       0.000000000000000E+000   11.6745002097990     
   43.8117089601942        11.5384597474566        29.8048005179692     
         112   91057.6204545503     
   10.2398646870882       0.000000000000000E+000   11.6916931199620     
   43.8117089601942        11.5384597474566        29.8048005179692     
         113   91113.9018316380     
   11.8861772447376       0.000000000000000E+000   11.6374330010456     
   43.8117089601942        11.5384597474566        29.8048005179692     
         114   91005.3888687325     
   10.3453574565483       0.000000000000000E+000   11.6741989200332     
   43.8117089601942        11.5384597474566        29.8048005179692     
         115   91005.8783905453     
   10.3699136103531       0.000000000000000E+000   11.6929063655006     
   43.8117089601942        11.5384597474566        29.8048005179692     
         116   91057.6192994030     
   10.2398288831060       0.000000000000000E+000   11.6916617393468     
   43.8117089601942        11.5384597474566        29.8048005179692     
         117   90946.4035815534     
   10.4358905904136       0.000000000000000E+000   11.6904282497988     
   43.8117089601942        11.5384597474566        29.8048005179692     
         118   90946.4760276584     
   10.4459365635976       0.000000000000000E+000   11.6922728046257     
   43.8117089601942        11.5384597474566        29.8048005179692     
         119   90935.7736057423     
   10.4336609244189       0.000000000000000E+000   11.6550058306686     
   43.8117089601942        11.5384597474566        29.8048005179692     
         120   90930.0247461061     
   10.5228413939292       0.000000000000000E+000   11.6801429698695     
   43.8117089601942        11.5384597474566        29.8048005179692     
         121   91057.3072420316     
   10.2267853240428       0.000000000000000E+000   11.6811331460023     
   43.8117089601942        11.5384597474566        29.8048005179692     
         122   91115.5926988481     
   12.2700502990458       0.000000000000000E+000   11.6317830526238     
   43.8117089601942        11.5384597474566        29.8048005179692     
         123   90937.5790303518     
   10.4861702998999       0.000000000000000E+000   11.6860265885692     
   43.8117089601942        11.5384597474566        29.8048005179692     
         124   91057.3345929527     
   10.2284735012767       0.000000000000000E+000   11.6824259080416     
   43.8117089601942        11.5384597474566        29.8048005179692     
         125   91021.4464179024     
   10.6001602928957       0.000000000000000E+000   11.6385790113860     
   43.8117089601942        11.5384597474566        29.8048005179692     
         126   91057.6204406232     
   10.2398646870882       0.000000000000000E+000   11.6916931199620     
   43.8117089601942        11.5384597474566        29.8048005179692     
         127   91057.1487750961     
   10.2113060173318       0.000000000000000E+000   11.6683412686675     
   43.8117089601942        11.5384597474566        29.8048005179692     
         128   91021.1334439017     
   10.7261609909611       0.000000000000000E+000   11.6663888007344     
   43.8117089601942        11.5384597474566        29.8048005179692     
         129   91057.3546429622     
   10.2294635435565       0.000000000000000E+000   11.6831852642891     
   43.8117089601942        11.5384597474566        29.8048005179692     
         130   91057.1442035636     
   10.2095131062035       0.000000000000000E+000   11.6669259995976     
   43.8117089601942        11.5384597474566        29.8048005179692     
         131   90929.8403974716     
   10.5121393184120       0.000000000000000E+000   11.6750994209423     
   43.8117089601942        11.5384597474566        29.8048005179692     
         132   91022.1030550006     
   10.5210090375592       0.000000000000000E+000   11.6273700463902     
   43.8117089601942        11.5384597474566        29.8048005179692     
         133   91057.6348613913     
   10.1703298343429       0.000000000000000E+000   11.6366737053280     
   43.8117089601942        11.5384597474566        29.8048005179692     
         134   91066.9858199362     
   10.0335892284831       0.000000000000000E+000   11.5436475421628     
   43.8117089601942        11.5384597474566        29.8048005179692     
         135   91057.1562317810     
   10.2128585506672       0.000000000000000E+000   11.6695029220435     
   43.8117089601942        11.5384597474566        29.8048005179692     
         136   91057.1442136762     
   10.2095131062035       0.000000000000000E+000   11.6669259995976     
   43.8117089601942        11.5384597474566        29.8048005179692     
         137   90937.3073436498     
   10.4758985739599       0.000000000000000E+000   11.6739461415763     
   43.8117089601942        11.5384597474566        29.8048005179692     
         138   91057.5241332759     
   10.2362286073194       0.000000000000000E+000   11.6888182104579     
   43.8117089601942        11.5384597474566        29.8048005179692     
         139   90937.6062016986     
   10.4876585226288       0.000000000000000E+000   11.6868617616048     
   43.8117089601942        11.5384597474566        29.8048005179692     
         140   91057.3065605749     
   10.2267533208045       0.000000000000000E+000   11.6810980649612     
   43.8117089601942        11.5384597474566        29.8048005179692     
         141   91057.1687857888     
   10.2149607357663       0.000000000000000E+000   11.6711747727460     
   43.8117089601942        11.5384597474566        29.8048005179692     
         142   91021.0964665861     
   10.7144462005337       0.000000000000000E+000   11.6655105017077     
   43.8117089601942        11.5384597474566        29.8048005179692     
         143   91057.1442506072     
   10.2091683441008       0.000000000000000E+000   11.6666364874222     
   43.8117089601942        11.5384597474566        29.8048005179692     
         144   91057.1922786325     
   10.1942142213752       0.000000000000000E+000   11.6550227769773     
   43.8117089601942        11.5384597474566        29.8048005179692     
         145   91057.2060959962     
   10.2196911575507       0.000000000000000E+000   11.6750026201506     
   43.8117089601942        11.5384597474566        29.8048005179692     
         146   91057.2061002143     
   10.2196911575507       0.000000000000000E+000   11.6750026201506     
   43.8117089601942        11.5384597474566        29.8048005179692     
         147   91057.1580138538     
   10.2000532178507       0.000000000000000E+000   11.6598332456691     
   43.8117089601942        11.5384597474566        29.8048005179692     
         148   91021.1571981331     
   10.7309445939626       0.000000000000000E+000   11.6604157810126     
   43.8117089601942        11.5384597474566        29.8048005179692     
         149   91057.1582030857     
   10.2132809956022       0.000000000000000E+000   11.6697825497391     
   43.8117089601942        11.5384597474566        29.8048005179692     
         150   91057.9340515644     
   10.1598994639466       0.000000000000000E+000   11.6292059144160     
   43.8117089601942        11.5384597474566        29.8048005179692     
         151   91057.2061001832     
   10.2196911575507       0.000000000000000E+000   11.6750026201506     
   43.8117089601942        11.5384597474566        29.8048005179692     
         152   91057.1693025924     
   10.1977226551030       0.000000000000000E+000   11.6580346748464     
   43.8117089601942        11.5384597474566        29.8048005179692     
         153   91057.3735473897     
   10.2303390823811       0.000000000000000E+000   11.6838707861915     
   43.8117089601942        11.5384597474566        29.8048005179692     
         154   91057.2060912845     
   10.2196911575507       0.000000000000000E+000   11.6750026201506     
   43.8117089601942        11.5384597474566        29.8048005179692     
         155   91057.5005716632     
   10.2353235391488       0.000000000000000E+000   11.6880787394757     
   43.8117089601942        11.5384597474566        29.8048005179692     
         156   91021.2052692770     
   10.6990908183012       0.000000000000000E+000   11.6742825513354     
   43.8117089601942        11.5384597474566        29.8048005179692     
         157   90937.3308970786     
   10.4647089097459       0.000000000000000E+000   11.6761654616956     
   43.8117089601942        11.5384597474566        29.8048005179692     
         158   91021.4038353357     
   10.7164689446128       0.000000000000000E+000   11.6811548611143     
   43.8117089601942        11.5384597474566        29.8048005179692     
         159   90935.7378169379     
   10.4680271415229       0.000000000000000E+000   11.6699729366247     
   43.8117089601942        11.5384597474566        29.8048005179692     
         160   91057.2061017077     
   10.2196911575507       0.000000000000000E+000   11.6750026201506     
   43.8117089601942        11.5384597474566        29.8048005179692     
         161   91057.7155054678     
   10.1675043614162       0.000000000000000E+000   11.6344873152182     
   43.8117089601942        11.5384597474566        29.8048005179692     
         162   91021.2418790730     
   10.7280110654791       0.000000000000000E+000   11.6736097639201     
   43.8117089601942        11.5384597474566        29.8048005179692     
         163   91021.0570993472     
   10.7021643944244       0.000000000000000E+000   11.6615874305945     
   43.8117089601942        11.5384597474566        29.8048005179692     
         164   91021.3119676061     
   10.5677300294315       0.000000000000000E+000   11.6486909295938     
   43.8117089601942        11.5384597474566        29.8048005179692     
         165   91005.8784044612     
   10.3699136103531       0.000000000000000E+000   11.6929063655006     
   43.8117089601942        11.5384597474566        29.8048005179692     
         166   90929.6222306738     
   10.5138502931567       0.000000000000000E+000   11.6620934027695     
   43.8117089601942        11.5384597474566        29.8048005179692     
         167   91021.0678150870     
   10.6589969747670       0.000000000000000E+000   11.6553543128140     
   43.8117089601942        11.5384597474566        29.8048005179692     
         168   91021.3859587366     
   10.7165595227235       0.000000000000000E+000   11.6806072498968     
   43.8117089601942        11.5384597474566        29.8048005179692     
         169   91021.2745900727     
   10.7387426727421       0.000000000000000E+000   11.6731715040974     
   43.8117089601942        11.5384597474566        29.8048005179692     
         170   91021.1657278855     
   10.7360335167195       0.000000000000000E+000   11.6655984726544     
   43.8117089601942        11.5384597474566        29.8048005179692     
         171   91021.4038203534     
   10.7164689446128       0.000000000000000E+000   11.6811548611143     
   43.8117089601942        11.5384597474566        29.8048005179692     
         172   91021.0576982866     
   10.7025997367267       0.000000000000000E+000   11.6616154225470     
   43.8117089601942        11.5384597474566        29.8048005179692     
         173   91021.4298632069     
   10.5992292345830       0.000000000000000E+000   11.6390568645443     
   43.8117089601942        11.5384597474566        29.8048005179692     
         174   91021.0964837707     
   10.7144462005337       0.000000000000000E+000   11.6655105017077     
   43.8117089601942        11.5384597474566        29.8048005179692     
         175   91021.1550632783     
   10.7319268600516       0.000000000000000E+000   11.6662285242697     
   43.8117089601942        11.5384597474566        29.8048005179692     
         176   90935.7520042447     
   10.4685219197002       0.000000000000000E+000   11.6619693652721     
   43.8117089601942        11.5384597474566        29.8048005179692     
         177   90938.7487239486     
   10.3244629014841       0.000000000000000E+000   11.6185927726585     
   43.8117089601942        11.5384597474566        29.8048005179692     
         178   91021.1773719724     
   10.7199175291555       0.000000000000000E+000   11.6709023730312     
   43.8117089601942        11.5384597474566        29.8048005179692     
         179   91021.1535141063     
   10.7317025274748       0.000000000000000E+000   11.6661010353823     
   43.8117089601942        11.5384597474566        29.8048005179692     
         180   91021.1086396333     
   10.7156393192020       0.000000000000000E+000   11.6667127825708     
   43.8117089601942        11.5384597474566        29.8048005179692     
         181   91021.6986084192     
   10.5661163019823       0.000000000000000E+000   11.6335947407904     
   43.8117089601942        11.5384597474566        29.8048005179692     
         182   91021.0901690157     
   10.6617320425018       0.000000000000000E+000   11.6527952488504     
   43.8117089601942        11.5384597474566        29.8048005179692     
         183   91021.1095004827     
   10.7181967914461       0.000000000000000E+000   11.6661805351444     
   43.8117089601942        11.5384597474566        29.8048005179692     
         184   91021.3757125877     
   10.7157520621855       0.000000000000000E+000   11.6803220951388     
   43.8117089601942        11.5384597474566        29.8048005179692     
         185   91021.3496563643     
   10.7375151843333       0.000000000000000E+000   11.6771260168442     
   43.8117089601942        11.5384597474566        29.8048005179692     
         186   91021.3741639757     
   10.7158689022386       0.000000000000000E+000   11.6802582782744     
   43.8117089601942        11.5384597474566        29.8048005179692     
         187   91021.1571895347     
   10.7309445939626       0.000000000000000E+000   11.6604157810126     
   43.8117089601942        11.5384597474566        29.8048005179692     
         188   91021.0550365545     
   10.6999125702033       0.000000000000000E+000   11.6616871891993     
   43.8117089601942        11.5384597474566        29.8048005179692     
         189   91034.0923436416     
   10.3445668624469       0.000000000000000E+000   11.5376632515339     
   43.8117089601942        11.5384597474566        29.8048005179692     
         190   90937.2520882844     
   10.4403056914731       0.000000000000000E+000   11.6711014773190     
   43.8117089601942        11.5384597474566        29.8048005179692     
         191   90937.6062009805     
   10.4876585226288       0.000000000000000E+000   11.6868617616048     
   43.8117089601942        11.5384597474566        29.8048005179692     
         192   91021.0488124742     
   10.6753716568212       0.000000000000000E+000   11.6584230503401     
   43.8117089601942        11.5384597474566        29.8048005179692     
         193   90929.7009736884     
   10.5046249802002       0.000000000000000E+000   11.6690636062822     
   43.8117089601942        11.5384597474566        29.8048005179692     
         194   91021.1579242090     
   10.7275834873797       0.000000000000000E+000   11.6589830734278     
   43.8117089601942        11.5384597474566        29.8048005179692     
         195   90937.2690940531     
   10.4720454948846       0.000000000000000E+000   11.6647202158664     
   43.8117089601942        11.5384597474566        29.8048005179692     
         196   91021.4038163483     
   10.7164698376635       0.000000000000000E+000   11.6811547014213     
   43.8117089601942        11.5384597474566        29.8048005179692     
         197   90935.7450715436     
   10.4763252486672       0.000000000000000E+000   11.6665913889093     
   43.8117089601942        11.5384597474566        29.8048005179692     
         198   91021.1334428394     
   10.7261609909611       0.000000000000000E+000   11.6663888007344     
   43.8117089601942        11.5384597474566        29.8048005179692     
         199   90931.2883737982     
   10.2929063226318       0.000000000000000E+000   11.6322744051397     
   43.8117089601942        11.5384597474566        29.8048005179692     
         200   90937.4540391327     
   10.5004683668348       0.000000000000000E+000   11.6794072627800     
   43.8117089601942        11.5384597474566        29.8048005179692     
         201   90937.3172298480     
   10.4776095816756       0.000000000000000E+000   11.6746874271947     
   43.8117089601942        11.5384597474566        29.8048005179692     
         202   90937.2303195686     
   10.4400085974091       0.000000000000000E+000   11.6634224934899     
   43.8117089601942        11.5384597474566        29.8048005179692     
         203   90929.5846126908     
   10.5011479477088       0.000000000000000E+000   11.6599273820496     
   43.8117089601942        11.5384597474566        29.8048005179692     
         204   90946.0650610269     
   10.4244401782245       0.000000000000000E+000   11.6734207284079     
   43.8117089601942        11.5384597474566        29.8048005179692     
         205   91005.3485561810     
   10.3334464631192       0.000000000000000E+000   11.6639074095491     
   43.8117089601942        11.5384597474566        29.8048005179692     
         206   90978.3552448506     
   10.6027419376459       0.000000000000000E+000   11.6842697057653     
   43.8117089601942        11.5384597474566        29.8048005179692     
         207   90982.6541979389     
   10.2644034306143       0.000000000000000E+000   11.6311158066668     
   43.8117089601942        11.5384597474566        29.8048005179692     
         208   90978.3552441311     
   10.6027419376459       0.000000000000000E+000   11.6842697057653     
   43.8117089601942        11.5384597474566        29.8048005179692     
         209   90937.2363063310     
   10.4219216527224       0.000000000000000E+000   11.6617080878827     
   43.8117089601942        11.5384597474566        29.8048005179692     
         210   90937.3153128905     
   10.4069586519173       0.000000000000000E+000   11.6518525448187     
   43.8117089601942        11.5384597474566        29.8048005179692     
         211   91005.3571763177     
   10.3408834550151       0.000000000000000E+000   11.6717076040527     
   43.8117089601942        11.5384597474566        29.8048005179692     
         212   90955.0242694260     
   10.7202459773521       0.000000000000000E+000   11.6737798565132     
   43.8117089601942        11.5384597474566        29.8048005179692     
         213   91006.1896612803     
   10.2597310954932       0.000000000000000E+000   11.6273750762528     
   43.8117089601942        11.5384597474566        29.8048005179692     
         214   90930.7368355714     
   10.3675551449840       0.000000000000000E+000   11.6590746833638     
   43.8117089601942        11.5384597474566        29.8048005179692     
         215   90930.9982681786     
   10.3993950575111       0.000000000000000E+000   11.6794098837032     
   43.8117089601942        11.5384597474566        29.8048005179692     
         216   91005.4577693189     
   10.3533849956461       0.000000000000000E+000   11.6783794324169     
   43.8117089601942        11.5384597474566        29.8048005179692     
         217   91005.3571854706     
   10.3408834550151       0.000000000000000E+000   11.6717076040527     
   43.8117089601942        11.5384597474566        29.8048005179692     
         218   91005.3751027136     
   10.3428492889523       0.000000000000000E+000   11.6733154359702     
   43.8117089601942        11.5384597474566        29.8048005179692     
         219   91005.3542386821     
   10.3406068693396       0.000000000000000E+000   11.6712940844869     
   43.8117089601942        11.5384597474566        29.8048005179692     
         220   91005.4999790685     
   10.3590886799746       0.000000000000000E+000   11.6802403721020     
   43.8117089601942        11.5384597474566        29.8048005179692     
         221   90954.6780440294     
   10.6744507220585       0.000000000000000E+000   11.6617426420530     
   43.8117089601942        11.5384597474566        29.8048005179692     
         222   90978.0060706355     
   10.5802678456732       0.000000000000000E+000   11.6705551094897     
   43.8117089601942        11.5384597474566        29.8048005179692     
         223   91005.7622761051     
   10.3622728525430       0.000000000000000E+000   11.6899095755207     
   43.8117089601942        11.5384597474566        29.8048005179692     
         224   90982.1683377569     
   10.3128975277208       0.000000000000000E+000   11.6548554840424     
   43.8117089601942        11.5384597474566        29.8048005179692     
         225   91005.5613233047     
   10.3623632301689       0.000000000000000E+000   11.6825834175389     
   43.8117089601942        11.5384597474566        29.8048005179692     
         226   91005.4577744653     
   10.3533849956461       0.000000000000000E+000   11.6783794324169     
   43.8117089601942        11.5384597474566        29.8048005179692     
         227   90946.0693376509     
   10.4328657877814       0.000000000000000E+000   11.6715011012186     
   43.8117089601942        11.5384597474566        29.8048005179692     
         228   90937.2303296564     
   10.4400085974091       0.000000000000000E+000   11.6634224934899     
   43.8117089601942        11.5384597474566        29.8048005179692     
         229   90958.1343450071     
   10.0952452584427       0.000000000000000E+000   11.6507534692554     
   43.8117089601942        11.5384597474566        29.8048005179692     
         230   90935.7464277475     
   10.4710843930291       0.000000000000000E+000   11.6706864741088     
   43.8117089601942        11.5384597474566        29.8048005179692     
         231   91005.9910898203     
   10.2712722597387       0.000000000000000E+000   11.6314443527304     
   43.8117089601942        11.5384597474566        29.8048005179692     
         232   90978.0738741198     
   10.5879946661513       0.000000000000000E+000   11.6742092081004     
   43.8117089601942        11.5384597474566        29.8048005179692     
         233   90935.7420216984     
   10.4668314263502       0.000000000000000E+000   11.6707537592232     
   43.8117089601942        11.5384597474566        29.8048005179692     
         234   91006.8039026197     
   10.2401908004244       0.000000000000000E+000   11.6159063383289     
   43.8117089601942        11.5384597474566        29.8048005179692     
         235   91005.3476933128     
   10.3367288484916       0.000000000000000E+000   11.6705175862780     
   43.8117089601942        11.5384597474566        29.8048005179692     
         236   90982.1984894392     
   10.3347982266389       0.000000000000000E+000   11.6631783405115     
   43.8117089601942        11.5384597474566        29.8048005179692     
         237   91005.3441305077     
   10.3356452412809       0.000000000000000E+000   11.6698577569745     
   43.8117089601942        11.5384597474566        29.8048005179692     
         238   90982.6576428300     
   10.2664282035284       0.000000000000000E+000   11.6308397284493     
   43.8117089601942        11.5384597474566        29.8048005179692     
         239   91005.3751042139     
   10.3428492889523       0.000000000000000E+000   11.6733154359702     
   43.8117089601942        11.5384597474566        29.8048005179692     
         240   90930.8183940041     
   10.3842515206364       0.000000000000000E+000   11.6107751665535     
   43.8117089601942        11.5384597474566        29.8048005179692     
         241   90982.1820788718     
   10.3351110569224       0.000000000000000E+000   11.6605064643585     
   43.8117089601942        11.5384597474566        29.8048005179692     
         242   90982.1791202122     
   10.3309598154297       0.000000000000000E+000   11.6614073937637     
   43.8117089601942        11.5384597474566        29.8048005179692     
         243   91005.3441204037     
   10.3356452412809       0.000000000000000E+000   11.6698577569745     
   43.8117089601942        11.5384597474566        29.8048005179692     
         244   90982.3645549577     
   10.3514678589907       0.000000000000000E+000   11.6717012705437     
   43.8117089601942        11.5384597474566        29.8048005179692     
         245   91005.4664302900     
   10.2966323028141       0.000000000000000E+000   11.6490840942227     
   43.8117089601942        11.5384597474566        29.8048005179692     
         246   91005.6659353410     
   10.3600391703572       0.000000000000000E+000   11.6869132401843     
   43.8117089601942        11.5384597474566        29.8048005179692     
         247   91005.3468783408     
   10.3410291302962       0.000000000000000E+000   11.6679189405997     
   43.8117089601942        11.5384597474566        29.8048005179692     
         248   91005.3705876420     
   10.3240393963072       0.000000000000000E+000   11.6589540835467     
   43.8117089601942        11.5384597474566        29.8048005179692     
         249   91005.3557243078     
   10.3224018069464       0.000000000000000E+000   11.6625571967663     
   43.8117089601942        11.5384597474566        29.8048005179692     
         250   90931.0936117683     
   10.3937015422709       0.000000000000000E+000   11.6832966774241     
   43.8117089601942        11.5384597474566        29.8048005179692     
         251   90937.3073344804     
   10.4758985739599       0.000000000000000E+000   11.6739461415763     
   43.8117089601942        11.5384597474566        29.8048005179692     
         252   91005.3751026870     
   10.3428492889523       0.000000000000000E+000   11.6733154359702     
   43.8117089601942        11.5384597474566        29.8048005179692     
         253   91005.8783905307     
   10.3699136103531       0.000000000000000E+000   11.6929063655006     
   43.8117089601942        11.5384597474566        29.8048005179692     
         254   90982.2889702487     
   10.3371672839085       0.000000000000000E+000   11.6691275040313     
   43.8117089601942        11.5384597474566        29.8048005179692     
         255   91005.9769620794     
   10.2668019058114       0.000000000000000E+000   11.6321125240272     
   43.8117089601942        11.5384597474566        29.8048005179692     
         256   90982.1829838474     
   10.3330070028449       0.000000000000000E+000   11.6574198113890     
   43.8117089601942        11.5384597474566        29.8048005179692     
         257   90982.5606838516     
   10.3515641686297       0.000000000000000E+000   11.6794675775558     
   43.8117089601942        11.5384597474566        29.8048005179692     
         258   91005.4107224954     
   10.3017612297922       0.000000000000000E+000   11.6557559835789     
   43.8117089601942        11.5384597474566        29.8048005179692     
         259   90982.5631255410     
   10.3516250160983       0.000000000000000E+000   11.6795383545711     
   43.8117089601942        11.5384597474566        29.8048005179692     
         260   91005.9309277638     
   10.2699061343929       0.000000000000000E+000   11.6332100566675     
   43.8117089601942        11.5384597474566        29.8048005179692     
         261   90937.3306757353     
   10.4799231789260       0.000000000000000E+000   11.6753820920026     
   43.8117089601942        11.5384597474566        29.8048005179692     
         262   90982.6116203575     
   10.3546829736089       0.000000000000000E+000   11.6807705800379     
   43.8117089601942        11.5384597474566        29.8048005179692     
         263   91005.6640237505     
   10.3597334048159       0.000000000000000E+000   11.6868632371967     
   43.8117089601942        11.5384597474566        29.8048005179692     
         264   90929.9829441278     
   10.5155485673519       0.000000000000000E+000   11.6793521328308     
   43.8117089601942        11.5384597474566        29.8048005179692     
         265   91005.3489437612     
   10.3370329803078       0.000000000000000E+000   11.6706993509106     
   43.8117089601942        11.5384597474566        29.8048005179692     
         266   91005.3519773072     
   10.3400598655637       0.000000000000000E+000   11.6709480865413     
   43.8117089601942        11.5384597474566        29.8048005179692     
         267   90931.2200567923     
   10.4008622014331       0.000000000000000E+000   11.6868472185380     
   43.8117089601942        11.5384597474566        29.8048005179692     
         268   90937.2978674613     
   10.4825625972004       0.000000000000000E+000   11.6686713846819     
   43.8117089601942        11.5384597474566        29.8048005179692     
         269   91005.3571832761     
   10.3408834550151       0.000000000000000E+000   11.6717076040527     
   43.8117089601942        11.5384597474566        29.8048005179692     
         270   91016.6510285703     
   10.1093892010673       0.000000000000000E+000   11.5313201866636     
   43.8117089601942        11.5384597474566        29.8048005179692     
         271   90937.2685173891     
   10.4029743224599       0.000000000000000E+000   11.6575432431789     
   43.8117089601942        11.5384597474566        29.8048005179692     
         272   91005.3717824390     
   10.3147446129380       0.000000000000000E+000   11.6589091167096     
   43.8117089601942        11.5384597474566        29.8048005179692     
         273   90930.7905188980     
   10.3769319001450       0.000000000000000E+000   11.6701760585421     
   43.8117089601942        11.5384597474566        29.8048005179692     
         274   90954.7874308362     
   10.7088009777746       0.000000000000000E+000   11.6629156224811     
   43.8117089601942        11.5384597474566        29.8048005179692     
         275   90982.1752435809     
   10.3316227050302       0.000000000000000E+000   11.6605914500139     
   43.8117089601942        11.5384597474566        29.8048005179692     
         276   90977.9661418631     
   10.5732343691758       0.000000000000000E+000   11.6659497950865     
   43.8117089601942        11.5384597474566        29.8048005179692     
         277   90931.2159456052     
   10.4002613304317       0.000000000000000E+000   11.6867529750568     
   43.8117089601942        11.5384597474566        29.8048005179692     
         278   90982.1667889135     
   10.3179490198653       0.000000000000000E+000   11.6593411358556     
   43.8117089601942        11.5384597474566        29.8048005179692     
         279   90982.1927631754     
   10.3325785590374       0.000000000000000E+000   11.6629574304322     
   43.8117089601942        11.5384597474566        29.8048005179692     
         280   90982.2238348516     
   10.3391554954962       0.000000000000000E+000   11.6646296507503     
   43.8117089601942        11.5384597474566        29.8048005179692     
         281   90982.1984802947     
   10.3347982266389       0.000000000000000E+000   11.6631783405115     
   43.8117089601942        11.5384597474566        29.8048005179692     
         282   90982.3031293333     
   10.3445207759519       0.000000000000000E+000   11.6694106131865     
   43.8117089601942        11.5384597474566        29.8048005179692     
         283   90946.0658499007     
   10.4254633489867       0.000000000000000E+000   11.6655416783470     
   43.8117089601942        11.5384597474566        29.8048005179692     
         284   90982.4950251017     
   10.3497289138864       0.000000000000000E+000   11.6774048091790     
   43.8117089601942        11.5384597474566        29.8048005179692     
         285   90982.1665899504     
   10.3182089408488       0.000000000000000E+000   11.6591032886765     
   43.8117089601942        11.5384597474566        29.8048005179692     
         286   90982.1927411345     
   10.2989170629386       0.000000000000000E+000   11.6536733745469     
   43.8117089601942        11.5384597474566        29.8048005179692     
         287   90982.6116064467     
   10.3546829736089       0.000000000000000E+000   11.6807705800379     
   43.8117089601942        11.5384597474566        29.8048005179692     
         288   90958.0937789130     
   10.1264064738839       0.000000000000000E+000   11.6728068345490     
   43.8117089601942        11.5384597474566        29.8048005179692     
         289   90982.4286449400     
   10.3494962695728       0.000000000000000E+000   11.6749709616570     
   43.8117089601942        11.5384597474566        29.8048005179692     
         290   90982.6511533430     
   10.2666636291244       0.000000000000000E+000   11.6310176640836     
   43.8117089601942        11.5384597474566        29.8048005179692     
         291   90977.9544091823     
   10.5682551972681       0.000000000000000E+000   11.6637255062157     
   43.8117089601942        11.5384597474566        29.8048005179692     
         292   90982.2471863674     
   10.2875708754418       0.000000000000000E+000   11.6468726235430     
   43.8117089601942        11.5384597474566        29.8048005179692     
         293   90982.1948862344     
   10.3232548922304       0.000000000000000E+000   11.6525940532073     
   43.8117089601942        11.5384597474566        29.8048005179692     
         294   90955.0243270988     
   10.7202722136082       0.000000000000000E+000   11.6737782852996     
   43.8117089601942        11.5384597474566        29.8048005179692     
         295   90993.8886639427     
   10.1184772821614       0.000000000000000E+000   11.5341313854426     
   43.8117089601942        11.5384597474566        29.8048005179692     
         296   90935.7497681804     
   10.4413837986368       0.000000000000000E+000   11.6593505821031     
   43.8117089601942        11.5384597474566        29.8048005179692     
         297   90935.7538377017     
   10.4699339305917       0.000000000000000E+000   11.6718705466642     
   43.8117089601942        11.5384597474566        29.8048005179692     
         298   90978.0060697443     
   10.5802678456732       0.000000000000000E+000   11.6705551094897     
   43.8117089601942        11.5384597474566        29.8048005179692     
         299   90946.7867725335     
   10.3658996394855       0.000000000000000E+000   11.6362980958713     
   43.8117089601942        11.5384597474566        29.8048005179692     
         300   90936.0417251277     
   10.4853555839887       0.000000000000000E+000   11.6851546004041     
   43.8117089601942        11.5384597474566        29.8048005179692     
         301   90930.7616549102     
   10.3773179301839       0.000000000000000E+000   11.6667748538563     
   43.8117089601942        11.5384597474566        29.8048005179692     
         302   90956.3395282595     
   10.2469668250084       0.000000000000000E+000   11.5492078942583     
   43.8117089601942        11.5384597474566        29.8048005179692     
         303   90930.7822301982     
   10.3749641038913       0.000000000000000E+000   11.6696358197318     
   43.8117089601942        11.5384597474566        29.8048005179692     
         304   90930.7431437951     
   10.3755080676909       0.000000000000000E+000   11.6634349092760     
   43.8117089601942        11.5384597474566        29.8048005179692     
         305   90982.1993093549     
   10.3308610402744       0.000000000000000E+000   11.6637226431400     
   43.8117089601942        11.5384597474566        29.8048005179692     
         306   90937.8540266775     
   10.3588704069452       0.000000000000000E+000   11.6346313373647     
   43.8117089601942        11.5384597474566        29.8048005179692     
         307   90982.1754132850     
   10.3329419021089       0.000000000000000E+000   11.6599085221003     
   43.8117089601942        11.5384597474566        29.8048005179692     
         308   90982.1744994313     
   10.3314594132241       0.000000000000000E+000   11.6604806949671     
   43.8117089601942        11.5384597474566        29.8048005179692     
         309   90982.4950194059     
   10.3497289138864       0.000000000000000E+000   11.6774048091790     
   43.8117089601942        11.5384597474566        29.8048005179692     
         310   90930.9972567848     
   10.3993318873286       0.000000000000000E+000   11.6793747845257     
   43.8117089601942        11.5384597474566        29.8048005179692     
         311   90935.8297353637     
   10.4736214770004       0.000000000000000E+000   11.6763788622624     
   43.8117089601942        11.5384597474566        29.8048005179692     
         312   90931.0936174691     
   10.3937015422709       0.000000000000000E+000   11.6832966774241     
   43.8117089601942        11.5384597474566        29.8048005179692     
         313   90982.1845342556     
   10.3319013124321       0.000000000000000E+000   11.6620491272020     
   43.8117089601942        11.5384597474566        29.8048005179692     
         314   90930.0230684479     
   10.4130084313589       0.000000000000000E+000   11.6269287355113     
   43.8117089601942        11.5384597474566        29.8048005179692     
         315   90937.9481618375     
   10.3502359415095       0.000000000000000E+000   11.6327954864231     
   43.8117089601942        11.5384597474566        29.8048005179692     
         316   90977.9442025452     
   10.5535753926991       0.000000000000000E+000   11.6554872686248     
   43.8117089601942        11.5384597474566        29.8048005179692     
         317   90958.3738066390     
   10.1432097272970       0.000000000000000E+000   11.6851644242801     
   43.8117089601942        11.5384597474566        29.8048005179692     
         318   90946.1296918010     
   10.4401140948006       0.000000000000000E+000   11.6768373067271     
   43.8117089601942        11.5384597474566        29.8048005179692     
         319   90954.6820330468     
   10.6750544075473       0.000000000000000E+000   11.6620007747853     
   43.8117089601942        11.5384597474566        29.8048005179692     
         320   90977.9859532384     
   10.5790589802545       0.000000000000000E+000   11.6677505085589     
   43.8117089601942        11.5384597474566        29.8048005179692     
         321   90954.7651650128     
   10.7011045864900       0.000000000000000E+000   11.6634520434485     
   43.8117089601942        11.5384597474566        29.8048005179692     
         322   90978.0060599060     
   10.5802678456732       0.000000000000000E+000   11.6705551094897     
   43.8117089601942        11.5384597474566        29.8048005179692     
         323   90958.0468929559     
   10.1229534356102       0.000000000000000E+000   11.6675420091214     
   43.8117089601942        11.5384597474566        29.8048005179692     
         324   90958.0430935368     
   10.1225863994945       0.000000000000000E+000   11.6670568561659     
   43.8117089601942        11.5384597474566        29.8048005179692     
         325   90937.8640383764     
   10.3543597756760       0.000000000000000E+000   11.6347322844824     
   43.8117089601942        11.5384597474566        29.8048005179692     
         326   90930.7616640622     
   10.3773179301839       0.000000000000000E+000   11.6667748538563     
   43.8117089601942        11.5384597474566        29.8048005179692     
         327   90978.3552589318     
   10.6027419376459       0.000000000000000E+000   11.6842697057653     
   43.8117089601942        11.5384597474566        29.8048005179692     
         328   90978.4699727379     
   10.4944059844997       0.000000000000000E+000   11.6317495032529     
   43.8117089601942        11.5384597474566        29.8048005179692     
         329   90978.0686491485     
   10.5827836644478       0.000000000000000E+000   11.6742509143060     
   43.8117089601942        11.5384597474566        29.8048005179692     
         330   90958.8139583822     
   10.0537811643191       0.000000000000000E+000   11.6290332543512     
   43.8117089601942        11.5384597474566        29.8048005179692     
         331   90954.5968555089     
   10.5798292287856       0.000000000000000E+000   11.6517715330027     
   43.8117089601942        11.5384597474566        29.8048005179692     
         332   90954.9490607188     
   10.4804131695522       0.000000000000000E+000   11.6351565142602     
   43.8117089601942        11.5384597474566        29.8048005179692     
         333   90937.7066835563     
   10.3664949381102       0.000000000000000E+000   11.6383093166385     
   43.8117089601942        11.5384597474566        29.8048005179692     
         334   90978.1030537828     
   10.5905646856473       0.000000000000000E+000   11.6754903373103     
   43.8117089601942        11.5384597474566        29.8048005179692     
         335   90958.4724045378     
   10.1460204754083       0.000000000000000E+000   11.6882279889476     
   43.8117089601942        11.5384597474566        29.8048005179692     
         336   90958.5122957104     
   10.1503366858243       0.000000000000000E+000   11.6892317611735     
   43.8117089601942        11.5384597474566        29.8048005179692     
         337   90958.0421669233     
   10.1234042477978       0.000000000000000E+000   11.6663846622039     
   43.8117089601942        11.5384597474566        29.8048005179692     
         338   90958.2690042167     
   10.1411244429101       0.000000000000000E+000   11.6815675507911     
   43.8117089601942        11.5384597474566        29.8048005179692     
         339   90958.1303684923     
   10.1316713377940       0.000000000000000E+000   11.6754399965723     
   43.8117089601942        11.5384597474566        29.8048005179692     
         340   90931.3314347561     
   10.3046960532941       0.000000000000000E+000   11.6303670884666     
   43.8117089601942        11.5384597474566        29.8048005179692     
         341   90937.5038874964     
   10.4882312855589       0.000000000000000E+000   11.6828643827967     
   43.8117089601942        11.5384597474566        29.8048005179692     
         342   90978.0182192918     
   10.5818684945963       0.000000000000000E+000   11.6714200052704     
   43.8117089601942        11.5384597474566        29.8048005179692     
         343   90936.2609528058     
   10.3997632717231       0.000000000000000E+000   11.6353455128365     
   43.8117089601942        11.5384597474566        29.8048005179692     
         344   90977.9470824880     
   10.5528540924605       0.000000000000000E+000   11.6549380312611     
   43.8117089601942        11.5384597474566        29.8048005179692     
         345   90979.1380001659     
   10.4748372943765       0.000000000000000E+000   11.6181783728548     
   43.8117089601942        11.5384597474566        29.8048005179692     
         346   90977.9415870392     
   10.5397882675818       0.000000000000000E+000   11.6537165232540     
   43.8117089601942        11.5384597474566        29.8048005179692     
         347   90930.8356611202     
   10.3768445377871       0.000000000000000E+000   11.6732175528284     
   43.8117089601942        11.5384597474566        29.8048005179692     
         348   90931.1622754866     
   10.3955240708791       0.000000000000000E+000   11.6853446157833     
   43.8117089601942        11.5384597474566        29.8048005179692     
         349   90937.3145624969     
   10.4772338775080       0.000000000000000E+000   11.6744928557671     
   43.8117089601942        11.5384597474566        29.8048005179692     
         350   90978.3552448053     
   10.6027419376459       0.000000000000000E+000   11.6842697057653     
   43.8117089601942        11.5384597474566        29.8048005179692     
         351   90930.7320918171     
   10.3630119230382       0.000000000000000E+000   11.6583034019471     
   43.8117089601942        11.5384597474566        29.8048005179692     
         352   90978.1747662734     
   10.5958865145840       0.000000000000000E+000   11.6782256455923     
   43.8117089601942        11.5384597474566        29.8048005179692     
         353   90936.4810230253     
   10.3824968693051       0.000000000000000E+000   11.6310209405668     
   43.8117089601942        11.5384597474566        29.8048005179692     
         354   90937.3145609678     
   10.4772338775080       0.000000000000000E+000   11.6744928557671     
   43.8117089601942        11.5384597474566        29.8048005179692     
         355   90977.9545757904     
   10.5370525622321       0.000000000000000E+000   11.6523584352262     
   43.8117089601942        11.5384597474566        29.8048005179692     
         356   90954.7636150511     
   10.7013400407643       0.000000000000000E+000   11.6632048935803     
   43.8117089601942        11.5384597474566        29.8048005179692     
         357   90978.3845973181     
   10.4982549173468       0.000000000000000E+000   11.6338802811683     
   43.8117089601942        11.5384597474566        29.8048005179692     
         358   90935.8510744436     
   10.4828448400490       0.000000000000000E+000   11.6772880193956     
   43.8117089601942        11.5384597474566        29.8048005179692     
         359   90978.3160399660     
   10.6012082404294       0.000000000000000E+000   11.6830863605928     
   43.8117089601942        11.5384597474566        29.8048005179692     
         360   90978.7208432994     
   10.4845531709396       0.000000000000000E+000   11.6261776577642     
   43.8117089601942        11.5384597474566        29.8048005179692     
         361   90977.9419327131     
   10.5397172222440       0.000000000000000E+000   11.6536823270262     
   43.8117089601942        11.5384597474566        29.8048005179692     
         362   90954.7032910705     
   10.5037698970167       0.000000000000000E+000   11.6448006376822     
   43.8117089601942        11.5384597474566        29.8048005179692     
         363   90978.3195621116     
   10.6014488712598       0.000000000000000E+000   11.6831914086573     
   43.8117089601942        11.5384597474566        29.8048005179692     
         364   90977.9422160534     
   10.5636067084506       0.000000000000000E+000   11.6620284472408     
   43.8117089601942        11.5384597474566        29.8048005179692     
         365   90935.7326560238     
   10.4679834847482       0.000000000000000E+000   11.6683276433678     
   43.8117089601942        11.5384597474566        29.8048005179692     
         366   90935.7438319354     
   10.4706408774942       0.000000000000000E+000   11.6634139286091     
   43.8117089601942        11.5384597474566        29.8048005179692     
         367   90977.9678997169     
   10.5737504295723       0.000000000000000E+000   11.6661703165401     
   43.8117089601942        11.5384597474566        29.8048005179692     
         368   90978.3883083805     
   10.4979698210617       0.000000000000000E+000   11.6338101471121     
   43.8117089601942        11.5384597474566        29.8048005179692     
         369   90978.2234684373     
   10.5992645098801       0.000000000000000E+000   11.6799469096210     
   43.8117089601942        11.5384597474566        29.8048005179692     
         370   90937.6062016978     
   10.4876585226288       0.000000000000000E+000   11.6868617616048     
   43.8117089601942        11.5384597474566        29.8048005179692     
         371   90977.9650630538     
   10.5729049307062       0.000000000000000E+000   11.6657880882353     
   43.8117089601942        11.5384597474566        29.8048005179692     
         372   90977.9520922318     
   10.5376985312540       0.000000000000000E+000   11.6523264939199     
   43.8117089601942        11.5384597474566        29.8048005179692     
         373   90987.5338519631     
   10.3399949274797       0.000000000000000E+000   11.5444976980565     
   43.8117089601942        11.5384597474566        29.8048005179692     
         374   90978.0182161650     
   10.5818684945963       0.000000000000000E+000   11.6714200052704     
   43.8117089601942        11.5384597474566        29.8048005179692     
         375   90958.1860923999     
   10.1359022297297       0.000000000000000E+000   11.6785331004192     
   43.8117089601942        11.5384597474566        29.8048005179692     
         376   90958.0332318025     
   10.1151869495399       0.000000000000000E+000   11.6616368537242     
   43.8117089601942        11.5384597474566        29.8048005179692     
         377   90937.5763328789     
   10.4874079751920       0.000000000000000E+000   11.6858680338810     
   43.8117089601942        11.5384597474566        29.8048005179692     
         378   90937.2807217670     
   10.4666452441532       0.000000000000000E+000   11.6723096378772     
   43.8117089601942        11.5384597474566        29.8048005179692     
         379   90978.0060692931     
   10.5802678456732       0.000000000000000E+000   11.6705551094897     
   43.8117089601942        11.5384597474566        29.8048005179692     
         380   90954.9266558806     
   10.6936405913633       0.000000000000000E+000   11.6727793586582     
   43.8117089601942        11.5384597474566        29.8048005179692     
         381   90930.8655625576     
   10.3875853267087       0.000000000000000E+000   11.6744510260471     
   43.8117089601942        11.5384597474566        29.8048005179692     
         382   90977.9371488420     
   10.5485878148021       0.000000000000000E+000   11.6583439981758     
   43.8117089601942        11.5384597474566        29.8048005179692     
         383   90946.0553918435     
   10.4106520430885       0.000000000000000E+000   11.6666761066125     
   43.8117089601942        11.5384597474566        29.8048005179692     
         384   90958.0320785630     
   10.1193941695177       0.000000000000000E+000   11.6638859832421     
   43.8117089601942        11.5384597474566        29.8048005179692     
         385   90958.3738009505     
   10.1432097272970       0.000000000000000E+000   11.6851644242801     
   43.8117089601942        11.5384597474566        29.8048005179692     
         386   90935.7759526194     
   10.4315388973971       0.000000000000000E+000   11.6554610542253     
   43.8117089601942        11.5384597474566        29.8048005179692     
         387   90946.1977182364     
   10.4447107017613       0.000000000000000E+000   11.6816996562626     
   43.8117089601942        11.5384597474566        29.8048005179692     
         388   90929.7662811337     
   10.5202035124917       0.000000000000000E+000   11.6711145241550     
   43.8117089601942        11.5384597474566        29.8048005179692     
         389   90936.1767532481     
   10.4825611947777       0.000000000000000E+000   11.6897623996102     
   43.8117089601942        11.5384597474566        29.8048005179692     
         390   90955.0294812124     
   10.7188871854438       0.000000000000000E+000   11.6740407504278     
   43.8117089601942        11.5384597474566        29.8048005179692     
         391   90935.7510338236     
   10.4695077611687       0.000000000000000E+000   11.6716434658238     
   43.8117089601942        11.5384597474566        29.8048005179692     
         392   90958.8185506638     
   10.0589018678262       0.000000000000000E+000   11.6285139623588     
   43.8117089601942        11.5384597474566        29.8048005179692     
         393   90946.1591291046     
   10.4354526920973       0.000000000000000E+000   11.6802062913642     
   43.8117089601942        11.5384597474566        29.8048005179692     
         394   90958.0888242385     
   10.1262267495543       0.000000000000000E+000   11.6723503451735     
   43.8117089601942        11.5384597474566        29.8048005179692     
         395   90977.9899069862     
   10.5794321067495       0.000000000000000E+000   11.6682432101164     
   43.8117089601942        11.5384597474566        29.8048005179692     
         396   90954.6187030612     
   10.6076273982116       0.000000000000000E+000   11.6490466039434     
   43.8117089601942        11.5384597474566        29.8048005179692     
         397   90937.3171633073     
   10.4776782209278       0.000000000000000E+000   11.6746677077887     
   43.8117089601942        11.5384597474566        29.8048005179692     
         398   90958.1925497481     
   10.1364655967145       0.000000000000000E+000   11.6788114292163     
   43.8117089601942        11.5384597474566        29.8048005179692     
         399   90935.7681111743     
   10.4713120472367       0.000000000000000E+000   11.6730271643358     
   43.8117089601942        11.5384597474566        29.8048005179692     
         400   90937.2783329987     
   10.4657252981972       0.000000000000000E+000   11.6720014558443     
   43.8117089601942        11.5384597474566        29.8048005179692     
         401   90935.7538361717     
   10.4699339305917       0.000000000000000E+000   11.6718705466642     
   43.8117089601942        11.5384597474566        29.8048005179692     
         402   90958.1839067555     
   10.1358079626012       0.000000000000000E+000   11.6784184043321     
   43.8117089601942        11.5384597474566        29.8048005179692     
         403   90958.0430787517     
   10.1225863994945       0.000000000000000E+000   11.6670568561659     
   43.8117089601942        11.5384597474566        29.8048005179692     
         404   90958.1141091835     
   10.1294985743996       0.000000000000000E+000   11.6743503651749     
   43.8117089601942        11.5384597474566        29.8048005179692     
         405   90958.0402369235     
   10.1126174625677       0.000000000000000E+000   11.6599728871594     
   43.8117089601942        11.5384597474566        29.8048005179692     
         406   90958.5238630472     
   10.1505305874246       0.000000000000000E+000   11.6895411554467     
   43.8117089601942        11.5384597474566        29.8048005179692     
         407   90931.2543089743     
   10.2978545937187       0.000000000000000E+000   11.6328090442849     
   43.8117089601942        11.5384597474566        29.8048005179692     
         408   90946.5115309026     
   10.3714427425140       0.000000000000000E+000   11.6427938607944     
   43.8117089601942        11.5384597474566        29.8048005179692     
         409   90954.7916485725     
   10.7101335183779       0.000000000000000E+000   11.6628769920932     
   43.8117089601942        11.5384597474566        29.8048005179692     
         410   90959.3410448528     
   10.0401291103915       0.000000000000000E+000   11.6184601680590     
   43.8117089601942        11.5384597474566        29.8048005179692     
         411   90954.6729634330     
   10.6760251450499       0.000000000000000E+000   11.6601830396369     
   43.8117089601942        11.5384597474566        29.8048005179692     
         412   90958.0351517844     
   10.1168090149642       0.000000000000000E+000   11.6618459955569     
   43.8117089601942        11.5384597474566        29.8048005179692     
         413   90937.2888796031     
   10.3983630641357       0.000000000000000E+000   11.6556476925547     
   43.8117089601942        11.5384597474566        29.8048005179692     
         414   90935.7575518175     
   10.4354164088861       0.000000000000000E+000   11.6580671722921     
   43.8117089601942        11.5384597474566        29.8048005179692     
         415   90930.7444448873     
   10.3716146124030       0.000000000000000E+000   11.6652119089581     
   43.8117089601942        11.5384597474566        29.8048005179692     
         416   90954.6967971112     
   10.6834873054499       0.000000000000000E+000   11.6610986598064     
   43.8117089601942        11.5384597474566        29.8048005179692     
         417   90958.0881570827     
   10.1263301872664       0.000000000000000E+000   11.6722585782118     
   43.8117089601942        11.5384597474566        29.8048005179692     
         418   90935.7366512253     
   10.4680557253960       0.000000000000000E+000   11.6697176992298     
   43.8117089601942        11.5384597474566        29.8048005179692     
         419   90954.6021809720     
   10.6269213250360       0.000000000000000E+000   11.6560124484938     
   43.8117089601942        11.5384597474566        29.8048005179692     
         420   90955.0145421395     
   10.7199083834150       0.000000000000000E+000   11.6734236976813     
   43.8117089601942        11.5384597474566        29.8048005179692     
         421   90958.0430953541     
   10.1225863994945       0.000000000000000E+000   11.6670568561659     
   43.8117089601942        11.5384597474566        29.8048005179692     
         422   90937.2535859525     
   10.4538475425302       0.000000000000000E+000   11.6605950344881     
   43.8117089601942        11.5384597474566        29.8048005179692     
         423   90931.2200428721     
   10.4008622014331       0.000000000000000E+000   11.6868472185380     
   43.8117089601942        11.5384597474566        29.8048005179692     
         424   90958.5238491211     
   10.1505305874246       0.000000000000000E+000   11.6895411554467     
   43.8117089601942        11.5384597474566        29.8048005179692     
         425   90930.7430489514     
   10.3721343443924       0.000000000000000E+000   11.6648853543387     
   43.8117089601942        11.5384597474566        29.8048005179692     
         426   90947.2147558683     
   10.3517039841516       0.000000000000000E+000   11.6282034800707     
   43.8117089601942        11.5384597474566        29.8048005179692     
         427   90937.2683648000     
   10.4724503594062       0.000000000000000E+000   11.6652247393126     
   43.8117089601942        11.5384597474566        29.8048005179692     
         428   90937.5762324490     
   10.4873999351623       0.000000000000000E+000   11.6858649083639     
   43.8117089601942        11.5384597474566        29.8048005179692     
         429   90955.1038841716     
   10.7561530650508       0.000000000000000E+000   11.6711666544519     
   43.8117089601942        11.5384597474566        29.8048005179692     
         430   90955.1421862795     
   10.5284536317248       0.000000000000000E+000   11.6283862013308     
   43.8117089601942        11.5384597474566        29.8048005179692     
         431   90936.2052771194     
   10.3946229350289       0.000000000000000E+000   11.6372159179989     
   43.8117089601942        11.5384597474566        29.8048005179692     
         432   90955.5657261694     
   10.4650698039658       0.000000000000000E+000   11.6211849526301     
   43.8117089601942        11.5384597474566        29.8048005179692     
         433   90946.0552143952     
   10.4107815880919       0.000000000000000E+000   11.6666907212449     
   43.8117089601942        11.5384597474566        29.8048005179692     
         434   90954.7520208228     
   10.6593946520972       0.000000000000000E+000   11.6682154713369     
   43.8117089601942        11.5384597474566        29.8048005179692     
         435   90935.9368773860     
   10.4800491921552       0.000000000000000E+000   11.6814919300421     
   43.8117089601942        11.5384597474566        29.8048005179692     
         436   90954.6717387757     
   10.6752356053510       0.000000000000000E+000   11.6603644060494     
   43.8117089601942        11.5384597474566        29.8048005179692     
         437   90930.7298795654     
   10.3641428481462       0.000000000000000E+000   11.6592708960731     
   43.8117089601942        11.5384597474566        29.8048005179692     
         438   90958.2242453676     
   10.1391693341781       0.000000000000000E+000   11.6799747513012     
   43.8117089601942        11.5384597474566        29.8048005179692     
         439   90958.0400744712     
   10.1126891464344       0.000000000000000E+000   11.6599912700159     
   43.8117089601942        11.5384597474566        29.8048005179692     
         440   90958.0937773911     
   10.1264064738839       0.000000000000000E+000   11.6728068345490     
   43.8117089601942        11.5384597474566        29.8048005179692     
         441   90958.0320684473     
   10.1193941695177       0.000000000000000E+000   11.6638859832421     
   43.8117089601942        11.5384597474566        29.8048005179692     
         442   90968.8277888381     
   9.94048514679218       0.000000000000000E+000   11.5327845898163     
   43.8117089601942        11.5384597474566        29.8048005179692     
         443   90954.9893802045     
   10.7463740429355       0.000000000000000E+000   11.6541864450238     
   43.8117089601942        11.5384597474566        29.8048005179692     
         444   90958.5595586069     
   10.0708666013894       0.000000000000000E+000   11.6353010407540     
   43.8117089601942        11.5384597474566        29.8048005179692     
         445   90946.4760276644     
   10.4459365635976       0.000000000000000E+000   11.6922728046257     
   43.8117089601942        11.5384597474566        29.8048005179692     
         446   90946.0518996174     
   10.4086070307515       0.000000000000000E+000   11.6695244868608     
   43.8117089601942        11.5384597474566        29.8048005179692     
         447   90958.1028607792     
   10.0970362517222       0.000000000000000E+000   11.6539252292078     
   43.8117089601942        11.5384597474566        29.8048005179692     
         448   90954.8697556545     
   10.5332612158033       0.000000000000000E+000   11.6356144767478     
   43.8117089601942        11.5384597474566        29.8048005179692     
         449   90946.1008701498     
   10.3980778813317       0.000000000000000E+000   11.6641668959228     
   43.8117089601942        11.5384597474566        29.8048005179692     
         450   90954.9252245555     
   10.6795175310977       0.000000000000000E+000   11.6736783912234     
   43.8117089601942        11.5384597474566        29.8048005179692     
         451   90932.1153776993     
   10.2627047968379       0.000000000000000E+000   11.6158090719854     
   43.8117089601942        11.5384597474566        29.8048005179692     
         452   90930.8723450894     
   10.3882931391658       0.000000000000000E+000   11.6747656746200     
   43.8117089601942        11.5384597474566        29.8048005179692     
         453   90968.6693857460     
   9.92582584116933       0.000000000000000E+000   11.5354020246819     
   43.8117089601942        11.5384597474566        29.8048005179692     
         454   90949.1200477687     
   10.1429245521591       0.000000000000000E+000   11.5383845222656     
   43.8117089601942        11.5384597474566        29.8048005179692     
         455   90958.0350686887     
   10.1221697607199       0.000000000000000E+000   11.6649403920650     
   43.8117089601942        11.5384597474566        29.8048005179692     
         456   90946.0776103116     
   10.4263188387824       0.000000000000000E+000   11.6748265630459     
   43.8117089601942        11.5384597474566        29.8048005179692     
         457   90958.9567854652     
   10.0572778016533       0.000000000000000E+000   11.6250631307652     
   43.8117089601942        11.5384597474566        29.8048005179692     
         458   90954.7967428977     
   10.7109301069536       0.000000000000000E+000   11.6631042528251     
   43.8117089601942        11.5384597474566        29.8048005179692     
         459   90937.0015959824     
   10.3733844047893       0.000000000000000E+000   11.6207285990667     
   43.8117089601942        11.5384597474566        29.8048005179692     
         460   90935.7510429858     
   10.4695077611687       0.000000000000000E+000   11.6716434658238     
   43.8117089601942        11.5384597474566        29.8048005179692     
         461   90954.5865087562     
   10.6052145465567       0.000000000000000E+000   11.6544998674378     
   43.8117089601942        11.5384597474566        29.8048005179692     
         462   90930.7520594707     
   10.3767043691937       0.000000000000000E+000   11.6656370220905     
   43.8117089601942        11.5384597474566        29.8048005179692     
         463   90946.0732857974     
   10.4334660662627       0.000000000000000E+000   11.6668947991639     
   43.8117089601942        11.5384597474566        29.8048005179692     
         464   90954.9928279303     
   10.7119029318636       0.000000000000000E+000   11.6734661155617     
   43.8117089601942        11.5384597474566        29.8048005179692     
         465   90946.1959502178     
   10.4450109316723       0.000000000000000E+000   11.6815789346339     
   43.8117089601942        11.5384597474566        29.8048005179692     
         466   90955.1825375441     
   10.5219504694402       0.000000000000000E+000   11.6275969217110     
   43.8117089601942        11.5384597474566        29.8048005179692     
         467   90936.0331178221     
   10.4857233337673       0.000000000000000E+000   11.6848371853183     
   43.8117089601942        11.5384597474566        29.8048005179692     
         468   90937.2953991000     
   10.4719041526651       0.000000000000000E+000   11.6732689564717     
   43.8117089601942        11.5384597474566        29.8048005179692     
         469   90946.4658886510     
   10.4459886810716       0.000000000000000E+000   11.6919707001231     
   43.8117089601942        11.5384597474566        29.8048005179692     
         470   90936.1728294867     
   10.4823681863546       0.000000000000000E+000   11.6896597834887     
   43.8117089601942        11.5384597474566        29.8048005179692     
         471   90935.7326661178     
   10.4679834847482       0.000000000000000E+000   11.6683276433678     
   43.8117089601942        11.5384597474566        29.8048005179692     
         472   90946.0776088033     
   10.4263188387824       0.000000000000000E+000   11.6748265630459     
   43.8117089601942        11.5384597474566        29.8048005179692     
         473   90954.8807160392     
   10.7309026509707       0.000000000000000E+000   11.6617249356566     
   43.8117089601942        11.5384597474566        29.8048005179692     
         474   90946.0775998899     
   10.4263188387824       0.000000000000000E+000   11.6748265630459     
   43.8117089601942        11.5384597474566        29.8048005179692     
         475   90946.0655535459     
   10.4253244356520       0.000000000000000E+000   11.6734423299503     
   43.8117089601942        11.5384597474566        29.8048005179692     
         476   90936.1728287683     
   10.4823681863546       0.000000000000000E+000   11.6896597834887     
   43.8117089601942        11.5384597474566        29.8048005179692     
         477   90946.1081271520     
   10.4029785723481       0.000000000000000E+000   11.6601277764782     
   43.8117089601942        11.5384597474566        29.8048005179692     
         478   90946.0958612511     
   10.4295029260665       0.000000000000000E+000   11.6760302892873     
   43.8117089601942        11.5384597474566        29.8048005179692     
         479   90954.6123356104     
   10.6376905713556       0.000000000000000E+000   11.6556008563165     
   43.8117089601942        11.5384597474566        29.8048005179692     
         480   90946.4706364808     
   10.4458316285097       0.000000000000000E+000   11.6921231931572     
   43.8117089601942        11.5384597474566        29.8048005179692     
         481   90931.5893564358     
   10.2812126018256       0.000000000000000E+000   11.6250693926582     
   43.8117089601942        11.5384597474566        29.8048005179692     
         482   90955.0293366441     
   10.7201230475532       0.000000000000000E+000   11.6739386008256     
   43.8117089601942        11.5384597474566        29.8048005179692     
         483   90935.8488313425     
   10.4828140308449       0.000000000000000E+000   11.6771769357838     
   43.8117089601942        11.5384597474566        29.8048005179692     
         484   90954.7537950971     
   10.6858705227639       0.000000000000000E+000   11.6656924738641     
   43.8117089601942        11.5384597474566        29.8048005179692     
         485   90954.9255220916     
   10.7303121463672       0.000000000000000E+000   11.6528657411635     
   43.8117089601942        11.5384597474566        29.8048005179692     
         486   90946.5285738923     
   10.3749986191781       0.000000000000000E+000   11.6420171550435     
   43.8117089601942        11.5384597474566        29.8048005179692     
         487   90935.7560238898     
   10.4792780836433       0.000000000000000E+000   11.6679887493972     
   43.8117089601942        11.5384597474566        29.8048005179692     
         488   90935.7681069990     
   10.4713120472367       0.000000000000000E+000   11.6730271643358     
   43.8117089601942        11.5384597474566        29.8048005179692     
         489   90946.4760415841     
   10.4459365635976       0.000000000000000E+000   11.6922728046257     
   43.8117089601942        11.5384597474566        29.8048005179692     
         490   90946.0776090489     
   10.4263188387824       0.000000000000000E+000   11.6748265630459     
   43.8117089601942        11.5384597474566        29.8048005179692     
         491   90936.1796956167     
   10.4826934611265       0.000000000000000E+000   11.6898401143264     
   43.8117089601942        11.5384597474566        29.8048005179692     
         492   90946.3305741656     
   10.4483070302355       0.000000000000000E+000   11.6872406503522     
   43.8117089601942        11.5384597474566        29.8048005179692     
         493   90936.0192947890     
   10.4849421359650       0.000000000000000E+000   11.6843827833144     
   43.8117089601942        11.5384597474566        29.8048005179692     
         494   90954.8654950798     
   10.7274573677969       0.000000000000000E+000   11.6624815531345     
   43.8117089601942        11.5384597474566        29.8048005179692     
         495   90929.6234834196     
   10.5022820270749       0.000000000000000E+000   11.6638991555979     
   43.8117089601942        11.5384597474566        29.8048005179692     
         496   90929.6558946385     
   10.5143763986424       0.000000000000000E+000   11.6653842389291     
   43.8117089601942        11.5384597474566        29.8048005179692     
         497   90929.5772618445     
   10.4582981076396       0.000000000000000E+000   11.6490750401384     
   43.8117089601942        11.5384597474566        29.8048005179692     
         498   90929.6562947146     
   10.5144535553115       0.000000000000000E+000   11.6654100592097     
   43.8117089601942        11.5384597474566        29.8048005179692     
         499   91021.7351639467     
   10.5359244987322       0.000000000000000E+000   11.6342559925274     
   43.8117089601942        11.5384597474566        29.8048005179692     
         500   90982.9047454112     
   10.2558576643295       0.000000000000000E+000   11.6255768124872     
   43.8117089601942        11.5384597474566        29.8048005179692     
  0.5091812      0.6012891      0.6012891    
       10516       10517       10515
          -1
